// Generated Forsaken Level Data for Kex Engine
// DO NOT MODIFY!

group "Plane.002" // 0
orientation 0.000000 0.000000 1.000000
waterType 0
soundDistanceScale 1.000000
caustics_red 1.000000
caustics_green 1.000000
caustics_blue 1.000000
face 4 "//textures\unknown.png" 0 0 "" // 0
{
    -256.000000 -768.000000 1280.000000 0.000000 0.000000 255 255 255 // 4
    -256.000000 -768.000000 1536.000000 0.250000 0.000000 105 105 105 // 8
    -256.000000 -1024.000000 1536.000000 0.250000 0.250000 217 217 217 // 16
    -256.000000 -1024.000000 1280.000000 0.000000 0.250000 252 252 252 // 12
}

face 4 "//textures\unknown.png" 0 0 "" // 1
{
    0.000000 -768.000000 1536.000000 0.000000 0.000000 202 202 202 // 7
    256.000000 -768.000000 1536.000000 0.250000 0.000000 105 105 105 // 9
    256.000000 -1024.000000 1536.000000 0.250000 0.250000 217 217 217 // 17
    0.000000 -1024.000000 1536.000000 0.000000 0.250000 255 255 255 // 15
}

face 4 "//textures\unknown.png" 0 0 "" // 2
{
    0.000000 -768.000000 1024.000000 0.000000 0.000000 234 234 234 // 2
    -256.000000 -768.000000 1024.000000 0.250000 0.000000 126 126 126 // 3
    -256.000000 -1024.000000 1024.000000 0.250000 0.250000 133 133 133 // 11
    0.000000 -1024.000000 1024.000000 0.000000 0.250000 210 210 210 // 10
}

face 4 "//textures\unknown.png" 0 0 "" // 3
{
    256.000000 -768.000000 1536.000000 0.250000 0.250000 105 105 105 // 9
    256.000000 -768.000000 1280.000000 0.000000 0.250000 255 255 255 // 5
    256.000000 -1024.000000 1280.000000 0.000000 0.000000 252 252 252 // 13
    256.000000 -1024.000000 1536.000000 0.250000 0.000000 217 217 217 // 17
}

face 4 "//textures\unknown.png" 0 0 "" // 4
{
    256.000000 -1024.000000 1024.000000 0.000000 0.000000 133 133 133 // 1
    256.000000 -1280.000000 1024.000000 0.250000 0.000000 147 147 147 // 6
    512.000000 -1280.000000 1024.000000 0.250000 0.250000 88 88 88 // 38
    512.000000 -1024.000000 1024.000000 0.000000 0.250000 45 45 45 // 35
}

face 4 "//textures\unknown.png" 0 0 "" // 5
{
    256.000000 -1024.000000 1024.000000 0.000000 0.000000 133 133 133 // 1
    0.000000 -1024.000000 1024.000000 0.250000 0.000000 210 210 210 // 10
    0.000000 -1280.000000 1024.000000 0.250000 0.250000 172 172 172 // 18
    256.000000 -1280.000000 1024.000000 0.000000 0.250000 147 147 147 // 6
}

face 4 "//textures\unknown.png" 0 0 "" // 6
{
    -256.000000 -1280.000000 2048.000000 0.000000 0.000000 147 147 147 // 76
    -256.000000 -1536.000000 2048.000000 0.250000 0.000000 172 172 172 // 40
    -512.000000 -1536.000000 2048.000000 0.250000 0.250000 105 105 105 // 37
    -512.000000 -1280.000000 2048.000000 0.000000 0.250000 88 88 88 // 51
}

face 4 "//textures\unknown.png" 0 0 "" // 7
{
    0.000000 -1536.000000 1024.000000 0.000000 0.000000 202 202 202 // 26
    -256.000000 -1536.000000 1024.000000 0.250000 0.000000 172 172 172 // 27
    -256.000000 -1792.000000 1024.000000 0.250000 0.250000 147 147 147 // 69
    0.000000 -1792.000000 1024.000000 0.000000 0.250000 172 172 172 // 68
}

face 4 "//textures\unknown.png" 0 0 "" // 8
{
    -256.000000 -768.000000 1024.000000 0.000000 0.000000 126 126 126 // 3
    -256.000000 -768.000000 1280.000000 0.250000 0.000000 255 255 255 // 4
    -256.000000 -1024.000000 1280.000000 0.250000 0.250000 252 252 252 // 12
    -256.000000 -1024.000000 1024.000000 0.000000 0.250000 133 133 133 // 11
}

face 4 "//textures\unknown.png" 0 0 "" // 9
{
    -256.000000 -768.000000 1536.000000 0.000000 0.000000 105 105 105 // 8
    0.000000 -768.000000 1536.000000 0.250000 0.000000 202 202 202 // 7
    0.000000 -1024.000000 1536.000000 0.250000 0.250000 255 255 255 // 15
    -256.000000 -1024.000000 1536.000000 0.000000 0.250000 217 217 217 // 16
}

face 4 "//textures\unknown.png" 0 0 "" // 10
{
    256.000000 -768.000000 1024.000000 0.000000 0.000000 126 126 126 // 0
    0.000000 -768.000000 1024.000000 0.250000 0.000000 234 234 234 // 2
    0.000000 -1024.000000 1024.000000 0.250000 0.250000 210 210 210 // 10
    256.000000 -1024.000000 1024.000000 0.000000 0.250000 133 133 133 // 1
}

face 4 "//textures\unknown.png" 0 0 "" // 11
{
    256.000000 -768.000000 1280.000000 0.250000 0.250000 255 255 255 // 5
    256.000000 -768.000000 1024.000000 0.000000 0.250000 126 126 126 // 0
    256.000000 -1024.000000 1024.000000 0.000000 0.000000 133 133 133 // 1
    256.000000 -1024.000000 1280.000000 0.250000 0.000000 252 252 252 // 13
}

face 4 "//textures\unknown.png" 0 0 "" // 12
{
    256.000000 -1280.000000 1024.000000 0.000000 0.000000 147 147 147 // 6
    0.000000 -1280.000000 1024.000000 0.250000 0.000000 172 172 172 // 18
    0.000000 -1536.000000 1024.000000 0.250000 0.250000 202 202 202 // 26
    256.000000 -1536.000000 1024.000000 0.000000 0.250000 172 172 172 // 14
}

face 4 "//textures\unknown.png" 0 0 "" // 13
{
    0.000000 -1024.000000 2048.000000 0.000000 0.000000 105 105 105 // 72
    256.000000 -1024.000000 2048.000000 0.250000 0.000000 88 88 88 // 57
    256.000000 -1280.000000 2048.000000 0.250000 0.250000 147 147 147 // 32
    0.000000 -1280.000000 2048.000000 0.000000 0.250000 172 172 172 // 66
}

face 4 "//textures\unknown.png" 0 0 "" // 14
{
    -256.000000 -1536.000000 1024.000000 0.000000 0.000000 172 172 172 // 27
    -256.000000 -1280.000000 1024.000000 0.250000 0.000000 147 147 147 // 19
    -512.000000 -1280.000000 1024.000000 0.250000 0.250000 88 88 88 // 53
    -512.000000 -1536.000000 1024.000000 0.000000 0.250000 105 105 105 // 55
}

face 4 "//textures\unknown.png" 0 0 "" // 15
{
    -256.000000 -1024.000000 1024.000000 0.000000 0.000000 107 107 107 // 11
    -256.000000 -1024.000000 1280.000000 0.250000 0.000000 177 177 177 // 12
    -512.000000 -1024.000000 1280.000000 0.250000 0.250000 88 88 88 // 36
    -512.000000 -1024.000000 1024.000000 0.000000 0.250000 45 45 45 // 50
}

face 4 "//textures\unknown.png" 0 0 "" // 16
{
    256.000000 -1024.000000 1536.000000 0.000000 0.000000 191 191 191 // 17
    256.000000 -1024.000000 1280.000000 0.250000 0.000000 177 177 177 // 13
    512.000000 -1024.000000 1280.000000 0.250000 0.250000 88 88 88 // 22
    512.000000 -1024.000000 1536.000000 0.000000 0.250000 105 105 105 // 34
}

face 4 "//textures\unknown.png" 0 0 "" // 17
{
    0.000000 -1024.000000 1024.000000 0.000000 0.000000 210 210 210 // 10
    -256.000000 -1024.000000 1024.000000 0.250000 0.000000 133 133 133 // 11
    -256.000000 -1280.000000 1024.000000 0.250000 0.250000 147 147 147 // 19
    0.000000 -1280.000000 1024.000000 0.000000 0.250000 172 172 172 // 18
}

face 4 "//textures\unknown.png" 0 0 "" // 18
{
    -256.000000 -1280.000000 2048.000000 0.000000 0.000000 147 147 147 // 76
    0.000000 -1280.000000 2048.000000 0.250000 0.000000 172 172 172 // 66
    0.000000 -1536.000000 2048.000000 0.250000 0.250000 202 202 202 // 54
    -256.000000 -1536.000000 2048.000000 0.000000 0.250000 172 172 172 // 40
}

face 4 "//textures\unknown.png" 0 0 "" // 19
{
    -256.000000 -1024.000000 2048.000000 0.000000 0.000000 88 88 88 // 73
    0.000000 -1024.000000 2048.000000 0.250000 0.000000 105 105 105 // 72
    0.000000 -1280.000000 2048.000000 0.250000 0.250000 172 172 172 // 66
    -256.000000 -1280.000000 2048.000000 0.000000 0.250000 147 147 147 // 76
}

face 4 "//textures\unknown.png" 0 0 "" // 20
{
    -768.000000 -1536.000000 1280.000000 0.000000 0.000000 72 72 72 // 64
    -768.000000 -1536.000000 1536.000000 0.250000 0.000000 88 88 88 // 65
    -768.000000 -1792.000000 1536.000000 0.250000 0.250000 72 72 72 // 83
    -768.000000 -1792.000000 1280.000000 0.000000 0.250000 58 58 58 // 80
}

face 4 "//textures\unknown.png" 0 0 "" // 21
{
    512.000000 -1536.000000 1024.000000 0.000000 0.000000 105 105 105 // 41
    256.000000 -1536.000000 1024.000000 0.250000 0.000000 172 172 172 // 14
    256.000000 -1792.000000 1024.000000 0.250000 0.250000 147 147 147 // 67
    512.000000 -1792.000000 1024.000000 0.000000 0.250000 88 88 88 // 78
}

face 4 "//textures\unknown.png" 0 0 "" // 22
{
    256.000000 -1536.000000 1024.000000 0.000000 0.000000 172 172 172 // 14
    0.000000 -1536.000000 1024.000000 0.250000 0.000000 202 202 202 // 26
    0.000000 -1792.000000 1024.000000 0.250000 0.250000 172 172 172 // 68
    256.000000 -1792.000000 1024.000000 0.000000 0.250000 147 147 147 // 67
}

face 4 "//textures\unknown.png" 0 0 "" // 23
{
    -768.000000 -1536.000000 1024.000000 0.000000 0.000000 32 32 32 // 63
    -768.000000 -1536.000000 1280.000000 0.250000 0.000000 72 72 72 // 64
    -768.000000 -1792.000000 1280.000000 0.250000 0.250000 58 58 58 // 80
    -768.000000 -1792.000000 1024.000000 0.000000 0.250000 21 21 21 // 82
}

face 4 "//textures\unknown.png" 0 0 "" // 24
{
    -512.000000 -2048.000000 1536.000000 0.250000 0.000000 105 105 105 // 39
    -768.000000 -2048.000000 1536.000000 0.250000 0.250000 32 32 32 // 99
    -768.000000 -2048.000000 1792.000000 0.000000 0.250000 21 21 21 // 111
    -512.000000 -2048.000000 1792.000000 0.000000 0.000000 88 88 88 // 112
}

face 4 "//textures\unknown.png" 0 0 "" // 25
{
    256.000000 -1024.000000 1280.000000 0.000000 0.000000 177 177 177 // 13
    256.000000 -1024.000000 1024.000000 0.250000 0.000000 107 107 107 // 1
    512.000000 -1024.000000 1024.000000 0.250000 0.250000 45 45 45 // 35
    512.000000 -1024.000000 1280.000000 0.000000 0.250000 88 88 88 // 22
}

face 4 "//textures\unknown.png" 0 0 "" // 26
{
    0.000000 -1280.000000 1024.000000 0.000000 0.000000 172 172 172 // 18
    -256.000000 -1280.000000 1024.000000 0.250000 0.000000 147 147 147 // 19
    -256.000000 -1536.000000 1024.000000 0.250000 0.250000 172 172 172 // 27
    0.000000 -1536.000000 1024.000000 0.000000 0.250000 202 202 202 // 26
}

face 4 "//textures\unknown.png" 0 0 "" // 27
{
    768.000000 -1536.000000 1536.000000 0.000000 0.250000 88 88 88 // 48
    768.000000 -1792.000000 1536.000000 0.000000 0.000000 72 72 72 // 77
    768.000000 -1792.000000 1792.000000 0.250000 0.000000 58 58 58 // 104
    768.000000 -1536.000000 1792.000000 0.250000 0.250000 72 72 72 // 103
}

face 4 "//textures\unknown.png" 0 0 "" // 28
{
    512.000000 -1024.000000 1536.000000 0.250000 0.000000 105 105 105 // 34
    768.000000 -1024.000000 1536.000000 0.250000 0.250000 32 32 32 // 42
    768.000000 -1024.000000 1792.000000 0.000000 0.250000 21 21 21 // 106
    512.000000 -1024.000000 1792.000000 0.000000 0.000000 88 88 88 // 100
}

face 4 "//textures\unknown.png" 0 0 "" // 29
{
    512.000000 -1024.000000 1280.000000 0.000000 0.000000 88 88 88 // 22
    512.000000 -1024.000000 1024.000000 0.250000 0.000000 45 45 45 // 35
    768.000000 -1024.000000 1024.000000 0.250000 0.250000 0 0 0 // 43
    768.000000 -1024.000000 1280.000000 0.000000 0.250000 21 21 21 // 21
}

face 4 "//textures\unknown.png" 0 0 "" // 30
{
    -256.000000 -1024.000000 1536.000000 0.250000 0.000000 191 191 191 // 16
    0.000000 -1024.000000 1536.000000 0.250000 0.250000 232 232 232 // 15
    0.000000 -1024.000000 1792.000000 0.000000 0.250000 172 172 172 // 71
    -256.000000 -1024.000000 1792.000000 0.000000 0.000000 147 147 147 // 75
}

face 4 "//textures\unknown.png" 0 0 "" // 31
{
    512.000000 -1280.000000 1024.000000 0.000000 0.000000 88 88 88 // 38
    512.000000 -1536.000000 1024.000000 0.250000 0.000000 105 105 105 // 41
    768.000000 -1536.000000 1024.000000 0.250000 0.250000 32 32 32 // 49
    768.000000 -1280.000000 1024.000000 0.000000 0.250000 21 21 21 // 46
}

face 4 "//textures\unknown.png" 0 0 "" // 32
{
    768.000000 -1024.000000 1536.000000 0.000000 0.250000 32 32 32 // 42
    768.000000 -1280.000000 1536.000000 0.000000 0.000000 72 72 72 // 45
    768.000000 -1280.000000 1792.000000 0.250000 0.000000 58 58 58 // 105
    768.000000 -1024.000000 1792.000000 0.250000 0.250000 21 21 21 // 106
}

face 4 "//textures\unknown.png" 0 0 "" // 33
{
    256.000000 -1280.000000 1024.000000 0.000000 0.000000 147 147 147 // 6
    256.000000 -1536.000000 1024.000000 0.250000 0.000000 172 172 172 // 14
    512.000000 -1536.000000 1024.000000 0.250000 0.250000 105 105 105 // 41
    512.000000 -1280.000000 1024.000000 0.000000 0.250000 88 88 88 // 38
}

face 4 "//textures\unknown.png" 0 0 "" // 34
{
    -512.000000 -1536.000000 1024.000000 0.000000 0.000000 105 105 105 // 55
    -768.000000 -1536.000000 1024.000000 0.250000 0.000000 32 32 32 // 63
    -768.000000 -1792.000000 1024.000000 0.250000 0.250000 21 21 21 // 82
    -512.000000 -1792.000000 1024.000000 0.000000 0.250000 88 88 88 // 81
}

face 4 "//textures\unknown.png" 0 0 "" // 35
{
    -256.000000 -2048.000000 1536.000000 0.250000 0.000000 172 172 172 // 56
    -512.000000 -2048.000000 1536.000000 0.250000 0.250000 105 105 105 // 39
    -512.000000 -2048.000000 1792.000000 0.000000 0.250000 88 88 88 // 112
    -256.000000 -2048.000000 1792.000000 0.000000 0.000000 147 147 147 // 115
}

face 4 "//textures\unknown.png" 0 0 "" // 36
{
    768.000000 -1024.000000 1280.000000 0.250000 0.250000 21 21 21 // 21
    768.000000 -1024.000000 1024.000000 0.000000 0.250000 0 0 0 // 43
    768.000000 -1280.000000 1024.000000 0.000000 0.000000 21 21 21 // 46
    768.000000 -1280.000000 1280.000000 0.250000 0.000000 58 58 58 // 44
}

face 4 "//textures\unknown.png" 0 0 "" // 37
{
    768.000000 -1024.000000 1536.000000 0.250000 0.250000 32 32 32 // 42
    768.000000 -1024.000000 1280.000000 0.000000 0.250000 21 21 21 // 21
    768.000000 -1280.000000 1280.000000 0.000000 0.000000 58 58 58 // 44
    768.000000 -1280.000000 1536.000000 0.250000 0.000000 72 72 72 // 45
}

face 4 "//textures\unknown.png" 0 0 "" // 38
{
    768.000000 -1280.000000 1280.000000 0.250000 0.250000 58 58 58 // 44
    768.000000 -1280.000000 1024.000000 0.000000 0.250000 21 21 21 // 46
    768.000000 -1536.000000 1024.000000 0.000000 0.000000 32 32 32 // 49
    768.000000 -1536.000000 1280.000000 0.250000 0.000000 72 72 72 // 47
}

face 4 "//textures\unknown.png" 0 0 "" // 39
{
    768.000000 -1280.000000 1536.000000 0.250000 0.250000 72 72 72 // 45
    768.000000 -1280.000000 1280.000000 0.000000 0.250000 58 58 58 // 44
    768.000000 -1536.000000 1280.000000 0.000000 0.000000 72 72 72 // 47
    768.000000 -1536.000000 1536.000000 0.250000 0.000000 88 88 88 // 48
}

face 4 "//textures\unknown.png" 0 0 "" // 40
{
    256.000000 -1024.000000 1536.000000 0.250000 0.000000 191 191 191 // 17
    512.000000 -1024.000000 1536.000000 0.250000 0.250000 105 105 105 // 34
    512.000000 -1024.000000 1792.000000 0.000000 0.250000 88 88 88 // 100
    256.000000 -1024.000000 1792.000000 0.000000 0.000000 147 147 147 // 70
}

face 4 "//textures\unknown.png" 0 0 "" // 41
{
    512.000000 -1024.000000 1024.000000 0.000000 0.000000 45 45 45 // 35
    512.000000 -1280.000000 1024.000000 0.250000 0.000000 88 88 88 // 38
    768.000000 -1280.000000 1024.000000 0.250000 0.250000 21 21 21 // 46
    768.000000 -1024.000000 1024.000000 0.000000 0.250000 0 0 0 // 43
}

face 4 "//textures\unknown.png" 0 0 "" // 42
{
    0.000000 -1024.000000 1536.000000 0.250000 0.000000 232 232 232 // 15
    256.000000 -1024.000000 1536.000000 0.250000 0.250000 191 191 191 // 17
    256.000000 -1024.000000 1792.000000 0.000000 0.250000 147 147 147 // 70
    0.000000 -1024.000000 1792.000000 0.000000 0.000000 172 172 172 // 71
}

face 4 "//textures\unknown.png" 0 0 "" // 43
{
    512.000000 -1024.000000 1536.000000 0.000000 0.000000 105 105 105 // 34
    512.000000 -1024.000000 1280.000000 0.250000 0.000000 88 88 88 // 22
    768.000000 -1024.000000 1280.000000 0.250000 0.250000 21 21 21 // 21
    768.000000 -1024.000000 1536.000000 0.000000 0.250000 32 32 32 // 42
}

face 4 "//textures\unknown.png" 0 0 "" // 44
{
    768.000000 -1536.000000 1024.000000 0.000000 0.000000 32 32 32 // 49
    512.000000 -1536.000000 1024.000000 0.250000 0.000000 105 105 105 // 41
    512.000000 -1792.000000 1024.000000 0.250000 0.250000 88 88 88 // 78
    768.000000 -1792.000000 1024.000000 0.000000 0.250000 21 21 21 // 79
}

face 4 "//textures\unknown.png" 0 0 "" // 45
{
    -512.000000 -1280.000000 1024.000000 0.000000 0.000000 88 88 88 // 53
    -512.000000 -1024.000000 1024.000000 0.250000 0.000000 45 45 45 // 50
    -768.000000 -1024.000000 1024.000000 0.250000 0.250000 0 0 0 // 58
    -768.000000 -1280.000000 1024.000000 0.000000 0.250000 21 21 21 // 61
}

face 4 "//textures\unknown.png" 0 0 "" // 46
{
    -512.000000 -1536.000000 1024.000000 0.000000 0.000000 105 105 105 // 55
    -512.000000 -1280.000000 1024.000000 0.250000 0.000000 88 88 88 // 53
    -768.000000 -1280.000000 1024.000000 0.250000 0.250000 21 21 21 // 61
    -768.000000 -1536.000000 1024.000000 0.000000 0.250000 32 32 32 // 63
}

face 4 "//textures\unknown.png" 0 0 "" // 47
{
    768.000000 -2048.000000 1536.000000 0.250000 0.000000 32 32 32 // 92
    512.000000 -2048.000000 1536.000000 0.250000 0.250000 105 105 105 // 91
    512.000000 -2048.000000 1792.000000 0.000000 0.250000 88 88 88 // 113
    768.000000 -2048.000000 1792.000000 0.000000 0.000000 21 21 21 // 114
}

face 4 "//textures\unknown.png" 0 0 "" // 48
{
    -256.000000 -1280.000000 1024.000000 0.000000 0.000000 147 147 147 // 19
    -256.000000 -1024.000000 1024.000000 0.250000 0.000000 133 133 133 // 11
    -512.000000 -1024.000000 1024.000000 0.250000 0.250000 45 45 45 // 50
    -512.000000 -1280.000000 1024.000000 0.000000 0.250000 88 88 88 // 53
}

face 4 "//textures\unknown.png" 0 0 "" // 49
{
    -768.000000 -1536.000000 1536.000000 0.250000 0.000000 88 88 88 // 65
    -768.000000 -1280.000000 1536.000000 0.250000 0.250000 72 72 72 // 59
    -768.000000 -1280.000000 1792.000000 0.000000 0.250000 58 58 58 // 108
    -768.000000 -1536.000000 1792.000000 0.000000 0.000000 72 72 72 // 101
}

face 4 "//textures\unknown.png" 0 0 "" // 50
{
    768.000000 -1536.000000 1280.000000 0.250000 0.250000 72 72 72 // 47
    768.000000 -1536.000000 1024.000000 0.000000 0.250000 32 32 32 // 49
    768.000000 -1792.000000 1024.000000 0.000000 0.000000 21 21 21 // 79
    768.000000 -1792.000000 1280.000000 0.250000 0.000000 58 58 58 // 74
}

face 4 "//textures\unknown.png" 0 0 "" // 51
{
    -256.000000 -1024.000000 1280.000000 0.000000 0.000000 177 177 177 // 12
    -256.000000 -1024.000000 1536.000000 0.250000 0.000000 191 191 191 // 16
    -512.000000 -1024.000000 1536.000000 0.250000 0.250000 105 105 105 // 52
    -512.000000 -1024.000000 1280.000000 0.000000 0.250000 88 88 88 // 36
}

face 4 "//textures\unknown.png" 0 0 "" // 52
{
    -768.000000 -1024.000000 1024.000000 0.000000 0.000000 0 0 0 // 58
    -768.000000 -1024.000000 1280.000000 0.250000 0.000000 21 21 21 // 20
    -768.000000 -1280.000000 1280.000000 0.250000 0.250000 58 58 58 // 62
    -768.000000 -1280.000000 1024.000000 0.000000 0.250000 21 21 21 // 61
}

face 4 "//textures\unknown.png" 0 0 "" // 53
{
    -768.000000 -1280.000000 1024.000000 0.000000 0.000000 21 21 21 // 61
    -768.000000 -1280.000000 1280.000000 0.250000 0.000000 58 58 58 // 62
    -768.000000 -1536.000000 1280.000000 0.250000 0.250000 72 72 72 // 64
    -768.000000 -1536.000000 1024.000000 0.000000 0.250000 32 32 32 // 63
}

face 4 "//textures\unknown.png" 0 0 "" // 54
{
    -768.000000 -1280.000000 1280.000000 0.000000 0.000000 58 58 58 // 62
    -768.000000 -1280.000000 1536.000000 0.250000 0.000000 72 72 72 // 59
    -768.000000 -1536.000000 1536.000000 0.250000 0.250000 88 88 88 // 65
    -768.000000 -1536.000000 1280.000000 0.000000 0.250000 72 72 72 // 64
}

face 4 "//textures\unknown.png" 0 0 "" // 55
{
    -768.000000 -1024.000000 1280.000000 0.000000 0.000000 21 21 21 // 20
    -768.000000 -1024.000000 1536.000000 0.250000 0.000000 32 32 32 // 60
    -768.000000 -1280.000000 1536.000000 0.250000 0.250000 72 72 72 // 59
    -768.000000 -1280.000000 1280.000000 0.000000 0.250000 58 58 58 // 62
}

face 4 "//textures\unknown.png" 0 0 "" // 56
{
    -512.000000 -1024.000000 1024.000000 0.000000 0.000000 45 45 45 // 50
    -512.000000 -1024.000000 1280.000000 0.250000 0.000000 88 88 88 // 36
    -768.000000 -1024.000000 1280.000000 0.250000 0.250000 21 21 21 // 20
    -768.000000 -1024.000000 1024.000000 0.000000 0.250000 0 0 0 // 58
}

face 4 "//textures\unknown.png" 0 0 "" // 57
{
    768.000000 -1280.000000 1536.000000 0.000000 0.250000 72 72 72 // 45
    768.000000 -1536.000000 1536.000000 0.000000 0.000000 88 88 88 // 48
    768.000000 -1536.000000 1792.000000 0.250000 0.000000 72 72 72 // 103
    768.000000 -1280.000000 1792.000000 0.250000 0.250000 58 58 58 // 105
}

face 4 "//textures\unknown.png" 0 0 "" // 58
{
    -512.000000 -1024.000000 1280.000000 0.000000 0.000000 88 88 88 // 36
    -512.000000 -1024.000000 1536.000000 0.250000 0.000000 105 105 105 // 52
    -768.000000 -1024.000000 1536.000000 0.250000 0.250000 32 32 32 // 60
    -768.000000 -1024.000000 1280.000000 0.000000 0.250000 21 21 21 // 20
}

face 4 "//textures\unknown.png" 0 0 "" // 59
{
    -768.000000 -1280.000000 1536.000000 0.250000 0.000000 72 72 72 // 59
    -768.000000 -1024.000000 1536.000000 0.250000 0.250000 32 32 32 // 60
    -768.000000 -1024.000000 1792.000000 0.000000 0.250000 21 21 21 // 109
    -768.000000 -1280.000000 1792.000000 0.000000 0.000000 58 58 58 // 108
}

face 4 "//textures\unknown.png" 0 0 "" // 60
{
    -512.000000 -1792.000000 1024.000000 0.000000 0.000000 88 88 88 // 81
    -768.000000 -1792.000000 1024.000000 0.250000 0.000000 21 21 21 // 82
    -768.000000 -2048.000000 1024.000000 0.250000 0.250000 0 0 0 // 98
    -512.000000 -2048.000000 1024.000000 0.000000 0.250000 45 45 45 // 97
}

face 4 "//textures\unknown.png" 0 0 "" // 61
{
    0.000000 -2048.000000 1536.000000 0.250000 0.000000 202 202 202 // 87
    -256.000000 -2048.000000 1536.000000 0.250000 0.250000 172 172 172 // 56
    -256.000000 -2048.000000 1792.000000 0.000000 0.250000 147 147 147 // 115
    0.000000 -2048.000000 1792.000000 0.000000 0.000000 172 172 172 // 116
}

face 4 "//textures\unknown.png" 0 0 "" // 62
{
    256.000000 -1792.000000 1024.000000 0.000000 0.000000 147 147 147 // 67
    0.000000 -1792.000000 1024.000000 0.250000 0.000000 172 172 172 // 68
    0.000000 -2048.000000 1024.000000 0.250000 0.250000 105 105 105 // 29
    256.000000 -2048.000000 1024.000000 0.000000 0.250000 88 88 88 // 30
}

face 4 "//textures\unknown.png" 0 0 "" // 63
{
    -768.000000 -1792.000000 1280.000000 0.000000 0.000000 58 58 58 // 80
    -768.000000 -1792.000000 1536.000000 0.250000 0.000000 72 72 72 // 83
    -768.000000 -2048.000000 1536.000000 0.250000 0.250000 32 32 32 // 99
    -768.000000 -2048.000000 1280.000000 0.000000 0.250000 21 21 21 // 95
}

face 4 "//textures\unknown.png" 0 0 "" // 64
{
    -768.000000 -1024.000000 1536.000000 0.250000 0.000000 32 32 32 // 60
    -512.000000 -1024.000000 1536.000000 0.250000 0.250000 105 105 105 // 52
    -512.000000 -1024.000000 1792.000000 0.000000 0.250000 88 88 88 // 107
    -768.000000 -1024.000000 1792.000000 0.000000 0.000000 21 21 21 // 109
}

face 4 "//textures\unknown.png" 0 0 "" // 65
{
    768.000000 -1792.000000 1280.000000 0.250000 0.250000 58 58 58 // 74
    768.000000 -1792.000000 1024.000000 0.000000 0.250000 21 21 21 // 79
    768.000000 -2048.000000 1024.000000 0.000000 0.000000 0 0 0 // 94
    768.000000 -2048.000000 1280.000000 0.250000 0.000000 21 21 21 // 89
}

face 4 "//textures\unknown.png" 0 0 "" // 66
{
    -768.000000 -1792.000000 1024.000000 0.000000 0.000000 21 21 21 // 82
    -768.000000 -1792.000000 1280.000000 0.250000 0.000000 58 58 58 // 80
    -768.000000 -2048.000000 1280.000000 0.250000 0.250000 21 21 21 // 95
    -768.000000 -2048.000000 1024.000000 0.000000 0.250000 0 0 0 // 98
}

face 4 "//textures\unknown.png" 0 0 "" // 67
{
    256.000000 -2048.000000 1536.000000 0.250000 0.000000 172 172 172 // 88
    0.000000 -2048.000000 1536.000000 0.250000 0.250000 202 202 202 // 87
    0.000000 -2048.000000 1792.000000 0.000000 0.250000 172 172 172 // 116
    256.000000 -2048.000000 1792.000000 0.000000 0.000000 147 147 147 // 110
}

face 4 "//textures\unknown.png" 0 0 "" // 68
{
    768.000000 -1792.000000 1536.000000 0.250000 0.250000 72 72 72 // 77
    768.000000 -1792.000000 1280.000000 0.000000 0.250000 58 58 58 // 74
    768.000000 -2048.000000 1280.000000 0.000000 0.000000 21 21 21 // 89
    768.000000 -2048.000000 1536.000000 0.250000 0.000000 32 32 32 // 92
}

face 4 "//textures\unknown.png" 0 0 "" // 69
{
    -256.000000 -1792.000000 1024.000000 0.000000 0.000000 147 147 147 // 69
    -512.000000 -1792.000000 1024.000000 0.250000 0.000000 88 88 88 // 81
    -512.000000 -2048.000000 1024.000000 0.250000 0.250000 45 45 45 // 97
    -256.000000 -2048.000000 1024.000000 0.000000 0.250000 88 88 88 // 28
}

face 4 "//textures\unknown.png" 0 0 "" // 70
{
    768.000000 -1792.000000 1536.000000 0.000000 0.250000 72 72 72 // 77
    768.000000 -2048.000000 1536.000000 0.000000 0.000000 32 32 32 // 92
    768.000000 -2048.000000 1792.000000 0.250000 0.000000 21 21 21 // 114
    768.000000 -1792.000000 1792.000000 0.250000 0.250000 58 58 58 // 104
}

face 4 "//textures\unknown.png" 0 0 "" // 71
{
    512.000000 -1792.000000 1024.000000 0.000000 0.000000 88 88 88 // 78
    256.000000 -1792.000000 1024.000000 0.250000 0.000000 147 147 147 // 67
    256.000000 -2048.000000 1024.000000 0.250000 0.250000 88 88 88 // 30
    512.000000 -2048.000000 1024.000000 0.000000 0.250000 45 45 45 // 93
}

face 4 "//textures\unknown.png" 0 0 "" // 72
{
    -256.000000 -1536.000000 1024.000000 0.000000 0.000000 172 172 172 // 27
    -512.000000 -1536.000000 1024.000000 0.250000 0.000000 105 105 105 // 55
    -512.000000 -1792.000000 1024.000000 0.250000 0.250000 88 88 88 // 81
    -256.000000 -1792.000000 1024.000000 0.000000 0.250000 147 147 147 // 69
}

face 4 "//textures\unknown.png" 0 0 "" // 73
{
    512.000000 -2048.000000 1536.000000 0.250000 0.000000 105 105 105 // 91
    256.000000 -2048.000000 1536.000000 0.250000 0.250000 172 172 172 // 88
    256.000000 -2048.000000 1792.000000 0.000000 0.250000 147 147 147 // 110
    512.000000 -2048.000000 1792.000000 0.000000 0.000000 88 88 88 // 113
}

face 4 "//textures\unknown.png" 0 0 "" // 74
{
    768.000000 -1536.000000 1536.000000 0.250000 0.250000 88 88 88 // 48
    768.000000 -1536.000000 1280.000000 0.000000 0.250000 72 72 72 // 47
    768.000000 -1792.000000 1280.000000 0.000000 0.000000 58 58 58 // 74
    768.000000 -1792.000000 1536.000000 0.250000 0.000000 72 72 72 // 77
}

face 4 "//textures\unknown.png" 0 0 "" // 75
{
    -512.000000 -1024.000000 1536.000000 0.250000 0.000000 105 105 105 // 52
    -256.000000 -1024.000000 1536.000000 0.250000 0.250000 191 191 191 // 16
    -256.000000 -1024.000000 1792.000000 0.000000 0.250000 147 147 147 // 75
    -512.000000 -1024.000000 1792.000000 0.000000 0.000000 88 88 88 // 107
}

face 4 "//textures\unknown.png" 0 0 "" // 76
{
    -256.000000 -2048.000000 1536.000000 0.000000 0.000000 172 172 172 // 56
    -256.000000 -2048.000000 1280.000000 0.250000 0.000000 147 147 147 // 84
    -512.000000 -2048.000000 1280.000000 0.250000 0.250000 88 88 88 // 96
    -512.000000 -2048.000000 1536.000000 0.000000 0.250000 105 105 105 // 39
}

face 4 "//textures\unknown.png" 0 0 "" // 77
{
    256.000000 -2048.000000 1024.000000 0.250000 0.000000 88 88 88 // 30
    0.000000 -2048.000000 1024.000000 0.250000 0.250000 105 105 105 // 29
    0.000000 -2048.000000 1280.000000 0.000000 0.250000 172 172 172 // 86
    256.000000 -2048.000000 1280.000000 0.000000 0.000000 147 147 147 // 85
}

face 4 "//textures\unknown.png" 0 0 "" // 78
{
    0.000000 -2048.000000 1280.000000 0.250000 0.000000 172 172 172 // 86
    -256.000000 -2048.000000 1280.000000 0.250000 0.250000 147 147 147 // 84
    -256.000000 -2048.000000 1536.000000 0.000000 0.250000 172 172 172 // 56
    0.000000 -2048.000000 1536.000000 0.000000 0.000000 202 202 202 // 87
}

face 4 "//textures\unknown.png" 0 0 "" // 79
{
    0.000000 -2048.000000 1024.000000 0.250000 0.000000 105 105 105 // 29
    -256.000000 -2048.000000 1024.000000 0.250000 0.250000 88 88 88 // 28
    -256.000000 -2048.000000 1280.000000 0.000000 0.250000 147 147 147 // 84
    0.000000 -2048.000000 1280.000000 0.000000 0.000000 172 172 172 // 86
}

face 4 "//textures\unknown.png" 0 0 "" // 80
{
    256.000000 -2048.000000 1280.000000 0.250000 0.000000 147 147 147 // 85
    0.000000 -2048.000000 1280.000000 0.250000 0.250000 172 172 172 // 86
    0.000000 -2048.000000 1536.000000 0.000000 0.250000 202 202 202 // 87
    256.000000 -2048.000000 1536.000000 0.000000 0.000000 172 172 172 // 88
}

face 4 "//textures\unknown.png" 0 0 "" // 81
{
    512.000000 -2048.000000 1024.000000 0.000000 0.000000 45 45 45 // 93
    512.000000 -2048.000000 1280.000000 0.250000 0.000000 88 88 88 // 90
    768.000000 -2048.000000 1280.000000 0.250000 0.250000 21 21 21 // 89
    768.000000 -2048.000000 1024.000000 0.000000 0.250000 0 0 0 // 94
}

face 4 "//textures\unknown.png" 0 0 "" // 82
{
    512.000000 -2048.000000 1280.000000 0.000000 0.000000 88 88 88 // 90
    512.000000 -2048.000000 1536.000000 0.250000 0.000000 105 105 105 // 91
    768.000000 -2048.000000 1536.000000 0.250000 0.250000 32 32 32 // 92
    768.000000 -2048.000000 1280.000000 0.000000 0.250000 21 21 21 // 89
}

face 4 "//textures\unknown.png" 0 0 "" // 83
{
    256.000000 -2048.000000 1024.000000 0.000000 0.000000 88 88 88 // 30
    256.000000 -2048.000000 1280.000000 0.250000 0.000000 147 147 147 // 85
    512.000000 -2048.000000 1280.000000 0.250000 0.250000 88 88 88 // 90
    512.000000 -2048.000000 1024.000000 0.000000 0.250000 45 45 45 // 93
}

face 4 "//textures\unknown.png" 0 0 "" // 84
{
    256.000000 -2048.000000 1280.000000 0.000000 0.000000 147 147 147 // 85
    256.000000 -2048.000000 1536.000000 0.250000 0.000000 172 172 172 // 88
    512.000000 -2048.000000 1536.000000 0.250000 0.250000 105 105 105 // 91
    512.000000 -2048.000000 1280.000000 0.000000 0.250000 88 88 88 // 90
}

face 4 "//textures\unknown.png" 0 0 "" // 85
{
    -512.000000 -2048.000000 1536.000000 0.000000 0.000000 105 105 105 // 39
    -512.000000 -2048.000000 1280.000000 0.250000 0.000000 88 88 88 // 96
    -768.000000 -2048.000000 1280.000000 0.250000 0.250000 21 21 21 // 95
    -768.000000 -2048.000000 1536.000000 0.000000 0.250000 32 32 32 // 99
}

face 4 "//textures\unknown.png" 0 0 "" // 86
{
    -512.000000 -2048.000000 1280.000000 0.000000 0.000000 88 88 88 // 96
    -512.000000 -2048.000000 1024.000000 0.250000 0.000000 45 45 45 // 97
    -768.000000 -2048.000000 1024.000000 0.250000 0.250000 0 0 0 // 98
    -768.000000 -2048.000000 1280.000000 0.000000 0.250000 21 21 21 // 95
}

face 4 "//textures\unknown.png" 0 0 "" // 87
{
    -256.000000 -2048.000000 1280.000000 0.000000 0.000000 147 147 147 // 84
    -256.000000 -2048.000000 1024.000000 0.250000 0.000000 88 88 88 // 28
    -512.000000 -2048.000000 1024.000000 0.250000 0.250000 45 45 45 // 97
    -512.000000 -2048.000000 1280.000000 0.000000 0.250000 88 88 88 // 96
}

face 4 "//textures\unknown.png" 0 0 "" // 88
{
    0.000000 -1792.000000 1024.000000 0.000000 0.000000 172 172 172 // 68
    -256.000000 -1792.000000 1024.000000 0.250000 0.000000 147 147 147 // 69
    -256.000000 -2048.000000 1024.000000 0.250000 0.250000 88 88 88 // 28
    0.000000 -2048.000000 1024.000000 0.000000 0.250000 105 105 105 // 29
}

face 4 "//textures\unknown.png" 0 0 "" // 89
{
    768.000000 -1792.000000 1024.000000 0.000000 0.000000 21 21 21 // 79
    512.000000 -1792.000000 1024.000000 0.250000 0.000000 88 88 88 // 78
    512.000000 -2048.000000 1024.000000 0.250000 0.250000 45 45 45 // 93
    768.000000 -2048.000000 1024.000000 0.000000 0.250000 0 0 0 // 94
}

face 4 "//textures\unknown.png" 0 0 "" // 90
{
    -768.000000 -2048.000000 1536.000000 0.250000 0.000000 32 32 32 // 99
    -768.000000 -1792.000000 1536.000000 0.250000 0.250000 72 72 72 // 83
    -768.000000 -1792.000000 1792.000000 0.000000 0.250000 58 58 58 // 102
    -768.000000 -2048.000000 1792.000000 0.000000 0.000000 21 21 21 // 111
}

face 4 "//textures\unknown.png" 0 0 "" // 91
{
    -768.000000 -1792.000000 1536.000000 0.250000 0.000000 72 72 72 // 83
    -768.000000 -1536.000000 1536.000000 0.250000 0.250000 88 88 88 // 65
    -768.000000 -1536.000000 1792.000000 0.000000 0.250000 72 72 72 // 101
    -768.000000 -1792.000000 1792.000000 0.000000 0.000000 58 58 58 // 102
}

face 4 "//textures\unknown.png" 0 0 "" // 92
{
    -768.000000 -1792.000000 1792.000000 0.250000 0.000000 58 58 58 // 102
    -768.000000 -1536.000000 1792.000000 0.250000 0.250000 72 72 72 // 101
    -768.000000 -1536.000000 2048.000000 0.000000 0.250000 32 32 32 // 25
    -768.000000 -1792.000000 2048.000000 0.000000 0.000000 21 21 21 // 24
}

face 4 "//textures\unknown.png" 0 0 "" // 93
{
    -768.000000 -1536.000000 1792.000000 0.250000 0.000000 72 72 72 // 101
    -768.000000 -1280.000000 1792.000000 0.250000 0.250000 58 58 58 // 108
    -768.000000 -1280.000000 2048.000000 0.000000 0.250000 21 21 21 // 128
    -768.000000 -1536.000000 2048.000000 0.000000 0.000000 32 32 32 // 25
}

face 4 "//textures\unknown.png" 0 0 "" // 94
{
    -512.000000 -2048.000000 1792.000000 0.250000 0.000000 88 88 88 // 112
    -768.000000 -2048.000000 1792.000000 0.250000 0.250000 21 21 21 // 111
    -768.000000 -2048.000000 2048.000000 0.000000 0.250000 0 0 0 // 131
    -512.000000 -2048.000000 2048.000000 0.000000 0.000000 45 45 45 // 132
}

face 4 "//textures\unknown.png" 0 0 "" // 95
{
    512.000000 -1024.000000 1792.000000 0.250000 0.000000 88 88 88 // 100
    768.000000 -1024.000000 1792.000000 0.250000 0.250000 21 21 21 // 106
    768.000000 -1024.000000 2048.000000 0.000000 0.250000 0 0 0 // 124
    512.000000 -1024.000000 2048.000000 0.000000 0.000000 45 45 45 // 31
}

face 4 "//textures\unknown.png" 0 0 "" // 96
{
    -768.000000 -1280.000000 1792.000000 0.250000 0.000000 58 58 58 // 108
    -768.000000 -1024.000000 1792.000000 0.250000 0.250000 21 21 21 // 109
    -768.000000 -1024.000000 2048.000000 0.000000 0.250000 0 0 0 // 129
    -768.000000 -1280.000000 2048.000000 0.000000 0.000000 21 21 21 // 128
}

face 4 "//textures\unknown.png" 0 0 "" // 97
{
    512.000000 -2048.000000 1792.000000 0.250000 0.000000 88 88 88 // 113
    256.000000 -2048.000000 1792.000000 0.250000 0.250000 147 147 147 // 110
    256.000000 -2048.000000 2048.000000 0.000000 0.250000 88 88 88 // 130
    512.000000 -2048.000000 2048.000000 0.000000 0.000000 45 45 45 // 133
}

face 4 "//textures\unknown.png" 0 0 "" // 98
{
    -768.000000 -2048.000000 1792.000000 0.250000 0.000000 21 21 21 // 111
    -768.000000 -1792.000000 1792.000000 0.250000 0.250000 58 58 58 // 102
    -768.000000 -1792.000000 2048.000000 0.000000 0.250000 21 21 21 // 24
    -768.000000 -2048.000000 2048.000000 0.000000 0.000000 0 0 0 // 131
}

face 4 "//textures\unknown.png" 0 0 "" // 99
{
    768.000000 -1280.000000 1792.000000 0.000000 0.250000 58 58 58 // 105
    768.000000 -1536.000000 1792.000000 0.000000 0.000000 72 72 72 // 103
    768.000000 -1536.000000 2048.000000 0.250000 0.000000 32 32 32 // 120
    768.000000 -1280.000000 2048.000000 0.250000 0.250000 21 21 21 // 123
}

face 4 "//textures\unknown.png" 0 0 "" // 100
{
    -512.000000 -1024.000000 1792.000000 0.250000 0.000000 88 88 88 // 107
    -256.000000 -1024.000000 1792.000000 0.250000 0.250000 147 147 147 // 75
    -256.000000 -1024.000000 2048.000000 0.000000 0.250000 88 88 88 // 73
    -512.000000 -1024.000000 2048.000000 0.000000 0.000000 45 45 45 // 125
}

face 4 "//textures\unknown.png" 0 0 "" // 101
{
    768.000000 -2048.000000 1792.000000 0.250000 0.000000 21 21 21 // 114
    512.000000 -2048.000000 1792.000000 0.250000 0.250000 88 88 88 // 113
    512.000000 -2048.000000 2048.000000 0.000000 0.250000 45 45 45 // 133
    768.000000 -2048.000000 2048.000000 0.000000 0.000000 0 0 0 // 134
}

face 4 "//textures\unknown.png" 0 0 "" // 102
{
    -256.000000 -1024.000000 1792.000000 0.250000 0.000000 147 147 147 // 75
    0.000000 -1024.000000 1792.000000 0.250000 0.250000 172 172 172 // 71
    0.000000 -1024.000000 2048.000000 0.000000 0.250000 105 105 105 // 72
    -256.000000 -1024.000000 2048.000000 0.000000 0.000000 88 88 88 // 73
}

face 4 "//textures\unknown.png" 0 0 "" // 103
{
    768.000000 -1024.000000 1792.000000 0.000000 0.250000 21 21 21 // 106
    768.000000 -1280.000000 1792.000000 0.000000 0.000000 58 58 58 // 105
    768.000000 -1280.000000 2048.000000 0.250000 0.000000 21 21 21 // 123
    768.000000 -1024.000000 2048.000000 0.250000 0.250000 0 0 0 // 124
}

face 4 "//textures\unknown.png" 0 0 "" // 104
{
    0.000000 -2048.000000 1792.000000 0.250000 0.000000 172 172 172 // 116
    -256.000000 -2048.000000 1792.000000 0.250000 0.250000 147 147 147 // 115
    -256.000000 -2048.000000 2048.000000 0.000000 0.250000 88 88 88 // 135
    0.000000 -2048.000000 2048.000000 0.000000 0.000000 105 105 105 // 136
}

face 4 "//textures\unknown.png" 0 0 "" // 105
{
    0.000000 -1024.000000 1792.000000 0.250000 0.000000 172 172 172 // 71
    256.000000 -1024.000000 1792.000000 0.250000 0.250000 147 147 147 // 70
    256.000000 -1024.000000 2048.000000 0.000000 0.250000 88 88 88 // 57
    0.000000 -1024.000000 2048.000000 0.000000 0.000000 105 105 105 // 72
}

face 4 "//textures\unknown.png" 0 0 "" // 106
{
    256.000000 -1024.000000 1792.000000 0.250000 0.000000 147 147 147 // 70
    512.000000 -1024.000000 1792.000000 0.250000 0.250000 88 88 88 // 100
    512.000000 -1024.000000 2048.000000 0.000000 0.250000 45 45 45 // 31
    256.000000 -1024.000000 2048.000000 0.000000 0.000000 88 88 88 // 57
}

face 4 "//textures\unknown.png" 0 0 "" // 107
{
    768.000000 -1792.000000 1792.000000 0.000000 0.250000 58 58 58 // 104
    768.000000 -2048.000000 1792.000000 0.000000 0.000000 21 21 21 // 114
    768.000000 -2048.000000 2048.000000 0.250000 0.000000 0 0 0 // 134
    768.000000 -1792.000000 2048.000000 0.250000 0.250000 21 21 21 // 122
}

face 4 "//textures\unknown.png" 0 0 "" // 108
{
    256.000000 -2048.000000 1792.000000 0.250000 0.000000 147 147 147 // 110
    0.000000 -2048.000000 1792.000000 0.250000 0.250000 172 172 172 // 116
    0.000000 -2048.000000 2048.000000 0.000000 0.250000 105 105 105 // 136
    256.000000 -2048.000000 2048.000000 0.000000 0.000000 88 88 88 // 130
}

face 4 "//textures\unknown.png" 0 0 "" // 109
{
    -768.000000 -1024.000000 1792.000000 0.250000 0.000000 21 21 21 // 109
    -512.000000 -1024.000000 1792.000000 0.250000 0.250000 88 88 88 // 107
    -512.000000 -1024.000000 2048.000000 0.000000 0.250000 45 45 45 // 125
    -768.000000 -1024.000000 2048.000000 0.000000 0.000000 0 0 0 // 129
}

face 4 "//textures\unknown.png" 0 0 "" // 110
{
    -256.000000 -2048.000000 1792.000000 0.250000 0.000000 147 147 147 // 115
    -512.000000 -2048.000000 1792.000000 0.250000 0.250000 88 88 88 // 112
    -512.000000 -2048.000000 2048.000000 0.000000 0.250000 45 45 45 // 132
    -256.000000 -2048.000000 2048.000000 0.000000 0.000000 88 88 88 // 135
}

face 4 "//textures\unknown.png" 0 0 "" // 111
{
    768.000000 -1536.000000 1792.000000 0.000000 0.250000 72 72 72 // 103
    768.000000 -1792.000000 1792.000000 0.000000 0.000000 58 58 58 // 104
    768.000000 -1792.000000 2048.000000 0.250000 0.000000 21 21 21 // 122
    768.000000 -1536.000000 2048.000000 0.250000 0.250000 32 32 32 // 120
}

face 4 "//textures\unknown.png" 0 0 "" // 112
{
    256.000000 -1280.000000 2048.000000 0.000000 0.000000 147 147 147 // 32
    256.000000 -1024.000000 2048.000000 0.250000 0.000000 88 88 88 // 57
    512.000000 -1024.000000 2048.000000 0.250000 0.250000 45 45 45 // 31
    512.000000 -1280.000000 2048.000000 0.000000 0.250000 88 88 88 // 33
}

face 4 "//textures\unknown.png" 0 0 "" // 113
{
    0.000000 -1280.000000 2048.000000 0.000000 0.000000 172 172 172 // 66
    256.000000 -1280.000000 2048.000000 0.250000 0.000000 147 147 147 // 32
    256.000000 -1536.000000 2048.000000 0.250000 0.250000 172 172 172 // 117
    0.000000 -1536.000000 2048.000000 0.000000 0.250000 202 202 202 // 54
}

face 4 "//textures\unknown.png" 0 0 "" // 114
{
    256.000000 -1536.000000 2048.000000 0.000000 0.000000 172 172 172 // 117
    512.000000 -1536.000000 2048.000000 0.250000 0.000000 105 105 105 // 119
    512.000000 -1792.000000 2048.000000 0.250000 0.250000 88 88 88 // 121
    256.000000 -1792.000000 2048.000000 0.000000 0.250000 147 147 147 // 23
}

face 4 "//textures\unknown.png" 0 0 "" // 115
{
    -512.000000 -1536.000000 2048.000000 0.000000 0.000000 105 105 105 // 37
    -256.000000 -1536.000000 2048.000000 0.250000 0.000000 172 172 172 // 40
    -256.000000 -1792.000000 2048.000000 0.250000 0.250000 147 147 147 // 126
    -512.000000 -1792.000000 2048.000000 0.000000 0.250000 88 88 88 // 118
}

face 4 "//textures\unknown.png" 0 0 "" // 116
{
    256.000000 -1536.000000 2048.000000 0.000000 0.000000 172 172 172 // 117
    256.000000 -1280.000000 2048.000000 0.250000 0.000000 147 147 147 // 32
    512.000000 -1280.000000 2048.000000 0.250000 0.250000 88 88 88 // 33
    512.000000 -1536.000000 2048.000000 0.000000 0.250000 105 105 105 // 119
}

face 4 "//textures\unknown.png" 0 0 "" // 117
{
    512.000000 -1536.000000 2048.000000 0.000000 0.000000 105 105 105 // 119
    768.000000 -1536.000000 2048.000000 0.250000 0.000000 32 32 32 // 120
    768.000000 -1792.000000 2048.000000 0.250000 0.250000 21 21 21 // 122
    512.000000 -1792.000000 2048.000000 0.000000 0.250000 88 88 88 // 121
}

face 4 "//textures\unknown.png" 0 0 "" // 118
{
    512.000000 -1280.000000 2048.000000 0.000000 0.000000 88 88 88 // 33
    512.000000 -1024.000000 2048.000000 0.250000 0.000000 45 45 45 // 31
    768.000000 -1024.000000 2048.000000 0.250000 0.250000 0 0 0 // 124
    768.000000 -1280.000000 2048.000000 0.000000 0.250000 21 21 21 // 123
}

face 4 "//textures\unknown.png" 0 0 "" // 119
{
    512.000000 -1536.000000 2048.000000 0.000000 0.000000 105 105 105 // 119
    512.000000 -1280.000000 2048.000000 0.250000 0.000000 88 88 88 // 33
    768.000000 -1280.000000 2048.000000 0.250000 0.250000 21 21 21 // 123
    768.000000 -1536.000000 2048.000000 0.000000 0.250000 32 32 32 // 120
}

face 4 "//textures\unknown.png" 0 0 "" // 120
{
    -256.000000 -1536.000000 2048.000000 0.000000 0.000000 172 172 172 // 40
    0.000000 -1536.000000 2048.000000 0.250000 0.000000 202 202 202 // 54
    0.000000 -1792.000000 2048.000000 0.250000 0.250000 172 172 172 // 127
    -256.000000 -1792.000000 2048.000000 0.000000 0.250000 147 147 147 // 126
}

face 4 "//textures\unknown.png" 0 0 "" // 121
{
    -256.000000 -1024.000000 2048.000000 0.000000 0.000000 88 88 88 // 73
    -256.000000 -1280.000000 2048.000000 0.250000 0.000000 147 147 147 // 76
    -512.000000 -1280.000000 2048.000000 0.250000 0.250000 88 88 88 // 51
    -512.000000 -1024.000000 2048.000000 0.000000 0.250000 45 45 45 // 125
}

face 4 "//textures\unknown.png" 0 0 "" // 122
{
    -512.000000 -1280.000000 2048.000000 0.000000 0.000000 88 88 88 // 51
    -512.000000 -1536.000000 2048.000000 0.250000 0.000000 105 105 105 // 37
    -768.000000 -1536.000000 2048.000000 0.250000 0.250000 32 32 32 // 25
    -768.000000 -1280.000000 2048.000000 0.000000 0.250000 21 21 21 // 128
}

face 4 "//textures\unknown.png" 0 0 "" // 123
{
    -512.000000 -1024.000000 2048.000000 0.000000 0.000000 45 45 45 // 125
    -512.000000 -1280.000000 2048.000000 0.250000 0.000000 88 88 88 // 51
    -768.000000 -1280.000000 2048.000000 0.250000 0.250000 21 21 21 // 128
    -768.000000 -1024.000000 2048.000000 0.000000 0.250000 0 0 0 // 129
}

face 4 "//textures\unknown.png" 0 0 "" // 124
{
    -768.000000 -1792.000000 2048.000000 0.000000 0.000000 21 21 21 // 24
    -512.000000 -1792.000000 2048.000000 0.250000 0.000000 88 88 88 // 118
    -512.000000 -2048.000000 2048.000000 0.250000 0.250000 45 45 45 // 132
    -768.000000 -2048.000000 2048.000000 0.000000 0.250000 0 0 0 // 131
}

face 4 "//textures\unknown.png" 0 0 "" // 125
{
    -512.000000 -1792.000000 2048.000000 0.000000 0.000000 88 88 88 // 118
    -256.000000 -1792.000000 2048.000000 0.250000 0.000000 147 147 147 // 126
    -256.000000 -2048.000000 2048.000000 0.250000 0.250000 88 88 88 // 135
    -512.000000 -2048.000000 2048.000000 0.000000 0.250000 45 45 45 // 132
}

face 4 "//textures\unknown.png" 0 0 "" // 126
{
    512.000000 -1792.000000 2048.000000 0.000000 0.000000 88 88 88 // 121
    768.000000 -1792.000000 2048.000000 0.250000 0.000000 21 21 21 // 122
    768.000000 -2048.000000 2048.000000 0.250000 0.250000 0 0 0 // 134
    512.000000 -2048.000000 2048.000000 0.000000 0.250000 45 45 45 // 133
}

face 4 "//textures\unknown.png" 0 0 "" // 127
{
    -256.000000 -1792.000000 2048.000000 0.000000 0.000000 147 147 147 // 126
    0.000000 -1792.000000 2048.000000 0.250000 0.000000 172 172 172 // 127
    0.000000 -2048.000000 2048.000000 0.250000 0.250000 105 105 105 // 136
    -256.000000 -2048.000000 2048.000000 0.000000 0.250000 88 88 88 // 135
}

face 4 "//textures\unknown.png" 0 0 "" // 128
{
    -768.000000 -1536.000000 2048.000000 0.000000 0.000000 32 32 32 // 25
    -512.000000 -1536.000000 2048.000000 0.250000 0.000000 105 105 105 // 37
    -512.000000 -1792.000000 2048.000000 0.250000 0.250000 88 88 88 // 118
    -768.000000 -1792.000000 2048.000000 0.000000 0.250000 21 21 21 // 24
}

face 4 "//textures\unknown.png" 0 0 "" // 129
{
    0.000000 -1536.000000 2048.000000 0.000000 0.000000 202 202 202 // 54
    256.000000 -1536.000000 2048.000000 0.250000 0.000000 172 172 172 // 117
    256.000000 -1792.000000 2048.000000 0.250000 0.250000 147 147 147 // 23
    0.000000 -1792.000000 2048.000000 0.000000 0.250000 172 172 172 // 127
}

face 4 "//textures\unknown.png" 0 0 "" // 130
{
    256.000000 -1792.000000 2048.000000 0.000000 0.000000 147 147 147 // 23
    512.000000 -1792.000000 2048.000000 0.250000 0.000000 88 88 88 // 121
    512.000000 -2048.000000 2048.000000 0.250000 0.250000 45 45 45 // 133
    256.000000 -2048.000000 2048.000000 0.000000 0.250000 88 88 88 // 130
}

face 4 "//textures\unknown.png" 0 0 "" // 131
{
    0.000000 -1792.000000 2048.000000 0.000000 0.000000 172 172 172 // 127
    256.000000 -1792.000000 2048.000000 0.250000 0.000000 147 147 147 // 23
    256.000000 -2048.000000 2048.000000 0.250000 0.250000 88 88 88 // 130
    0.000000 -2048.000000 2048.000000 0.000000 0.250000 105 105 105 // 136
}

face 4 "//textures\_portal.png" 0 0 "" // 132
{
    -256.000000 -768.000000 1024.000000 0.000000 0.000000 255 255 255 // 3
    256.000000 -768.000000 1024.000000 1.000000 0.000000 255 255 255 // 0
    256.000000 -768.000000 1536.000000 1.000000 1.000000 255 255 255 // 9
    -256.000000 -768.000000 1536.000000 0.000000 1.000000 255 255 255 // 8
}

group "Plane.001" // 1
orientation 0.000000 0.000000 1.000000
waterType 0
soundDistanceScale 1.000000
caustics_red 1.000000
caustics_green 1.000000
caustics_blue 1.000000
face 4 "//textures\unknown.png" 0 0 "" // 0
{
    -256.000000 512.000000 768.000000 0.250000 0.000000 63 63 63 // 7
    0.000000 512.000000 768.000000 0.250000 0.250000 90 90 90 // 8
    0.000000 512.000000 1024.000000 0.000000 0.250000 105 105 105 // 16
    -256.000000 512.000000 1024.000000 0.000000 0.000000 45 45 45 // 15
}

face 4 "//textures\unknown.png" 0 0 "" // 1
{
    256.000000 0.000000 768.000000 0.250000 0.000000 63 63 63 // 10
    0.000000 0.000000 768.000000 0.250000 0.250000 90 90 90 // 0
    0.000000 0.000000 1024.000000 0.000000 0.250000 105 105 105 // 1
    256.000000 0.000000 1024.000000 0.000000 0.000000 45 45 45 // 2
}

face 4 "//textures\unknown.png" 0 0 "" // 2
{
    0.000000 512.000000 768.000000 0.250000 0.000000 90 90 90 // 8
    256.000000 512.000000 768.000000 0.250000 0.250000 63 63 63 // 9
    256.000000 512.000000 1024.000000 0.000000 0.250000 45 45 45 // 17
    0.000000 512.000000 1024.000000 0.000000 0.000000 105 105 105 // 16
}

face 4 "//textures\unknown.png" 0 0 "" // 3
{
    -256.000000 0.000000 768.000000 0.250000 0.000000 63 63 63 // 3
    -256.000000 256.000000 768.000000 0.250000 0.250000 90 90 90 // 4
    -256.000000 256.000000 1024.000000 0.000000 0.250000 105 105 105 // 12
    -256.000000 0.000000 1024.000000 0.000000 0.000000 45 45 45 // 11
}

face 4 "//textures\unknown.png" 0 0 "" // 4
{
    -256.000000 0.000000 1536.000000 0.000000 0.000000 45 45 45 // 27
    0.000000 0.000000 1536.000000 0.250000 0.000000 105 105 105 // 26
    0.000000 -256.000000 1536.000000 0.250000 0.250000 0 0 0 // 39
    -256.000000 -256.000000 1536.000000 0.000000 0.250000 0 0 0 // 40
}

face 4 "//textures\unknown.png" 0 0 "" // 5
{
    0.000000 512.000000 1024.000000 0.250000 0.000000 105 105 105 // 16
    256.000000 512.000000 1024.000000 0.250000 0.250000 45 45 45 // 17
    256.000000 512.000000 1280.000000 0.000000 0.250000 105 105 105 // 25
    0.000000 512.000000 1280.000000 0.000000 0.000000 202 202 202 // 24
}

face 4 "//textures\unknown.png" 0 0 "" // 6
{
    -256.000000 0.000000 1024.000000 0.250000 0.000000 45 45 45 // 11
    -256.000000 256.000000 1024.000000 0.250000 0.250000 105 105 105 // 12
    -256.000000 256.000000 1280.000000 0.000000 0.250000 202 202 202 // 20
    -256.000000 0.000000 1280.000000 0.000000 0.000000 105 105 105 // 19
}

face 4 "//textures\unknown.png" 0 0 "" // 7
{
    256.000000 512.000000 1024.000000 0.000000 0.250000 45 45 45 // 17
    256.000000 256.000000 1024.000000 0.000000 0.000000 105 105 105 // 14
    256.000000 256.000000 1280.000000 0.250000 0.000000 202 202 202 // 22
    256.000000 512.000000 1280.000000 0.250000 0.250000 105 105 105 // 25
}

face 4 "//textures\unknown.png" 0 0 "" // 8
{
    -256.000000 256.000000 768.000000 0.250000 0.000000 90 90 90 // 4
    -256.000000 512.000000 768.000000 0.250000 0.250000 63 63 63 // 7
    -256.000000 512.000000 1024.000000 0.000000 0.250000 45 45 45 // 15
    -256.000000 256.000000 1024.000000 0.000000 0.000000 105 105 105 // 12
}

face 4 "//textures\unknown.png" 0 0 "" // 9
{
    256.000000 256.000000 768.000000 0.000000 0.250000 90 90 90 // 0
    256.000000 0.000000 768.000000 0.000000 0.000000 63 63 63 // 14
    256.000000 0.000000 1024.000000 0.250000 0.000000 45 45 45 // 6
    256.000000 256.000000 1024.000000 0.250000 0.250000 105 105 105 // 1
}

face 4 "//textures\unknown.png" 0 0 "" // 10
{
    0.000000 0.000000 768.000000 0.250000 0.000000 90 90 90 // 2
    -256.000000 0.000000 768.000000 0.250000 0.250000 63 63 63 // 3
    -256.000000 0.000000 1024.000000 0.000000 0.250000 45 45 45 // 11
    0.000000 0.000000 1024.000000 0.000000 0.000000 105 105 105 // 10
}

face 4 "//textures\unknown.png" 0 0 "" // 11
{
    256.000000 512.000000 768.000000 0.000000 0.250000 63 63 63 // 9
    256.000000 256.000000 768.000000 0.000000 0.000000 90 90 90 // 6
    256.000000 256.000000 1024.000000 0.250000 0.000000 105 105 105 // 14
    256.000000 512.000000 1024.000000 0.250000 0.250000 45 45 45 // 17
}

face 4 "//textures\unknown.png" 0 0 "" // 12
{
    -256.000000 0.000000 1280.000000 0.250000 0.000000 105 105 105 // 19
    -256.000000 256.000000 1280.000000 0.250000 0.250000 202 202 202 // 20
    -256.000000 256.000000 1536.000000 0.000000 0.250000 105 105 105 // 28
    -256.000000 0.000000 1536.000000 0.000000 0.000000 45 45 45 // 27
}

face 4 "//textures\unknown.png" 0 0 "" // 13
{
    256.000000 512.000000 1280.000000 0.000000 0.250000 105 105 105 // 25
    256.000000 256.000000 1280.000000 0.000000 0.000000 202 202 202 // 22
    256.000000 256.000000 1536.000000 0.250000 0.000000 105 105 105 // 30
    256.000000 512.000000 1536.000000 0.250000 0.250000 45 45 45 // 33
}

face 4 "//textures\unknown.png" 0 0 "" // 14
{
    256.000000 0.000000 1536.000000 0.250000 0.250000 45 45 45 // 13
    256.000000 0.000000 1280.000000 0.000000 0.250000 105 105 105 // 5
    256.000000 -256.000000 1280.000000 0.000000 0.000000 0 0 0 // 37
    256.000000 -256.000000 1536.000000 0.250000 0.000000 0 0 0 // 41
}

face 4 "//textures\unknown.png" 0 0 "" // 15
{
    256.000000 256.000000 1280.000000 0.000000 0.250000 202 202 202 // 22
    256.000000 0.000000 1280.000000 0.000000 0.000000 105 105 105 // 5
    256.000000 0.000000 1536.000000 0.250000 0.000000 45 45 45 // 13
    256.000000 256.000000 1536.000000 0.250000 0.250000 105 105 105 // 30
}

face 4 "//textures\unknown.png" 0 0 "" // 16
{
    -256.000000 512.000000 1024.000000 0.250000 0.000000 45 45 45 // 15
    0.000000 512.000000 1024.000000 0.250000 0.250000 105 105 105 // 16
    0.000000 512.000000 1280.000000 0.000000 0.250000 202 202 202 // 24
    -256.000000 512.000000 1280.000000 0.000000 0.000000 105 105 105 // 23
}

face 4 "//textures\unknown.png" 0 0 "" // 17
{
    -256.000000 256.000000 1024.000000 0.250000 0.000000 105 105 105 // 12
    -256.000000 512.000000 1024.000000 0.250000 0.250000 45 45 45 // 15
    -256.000000 512.000000 1280.000000 0.000000 0.250000 105 105 105 // 23
    -256.000000 256.000000 1280.000000 0.000000 0.000000 202 202 202 // 20
}

face 4 "//textures\unknown.png" 0 0 "" // 18
{
    256.000000 256.000000 1024.000000 0.000000 0.250000 105 105 105 // 14
    256.000000 0.000000 1024.000000 0.000000 0.000000 45 45 45 // 0
    256.000000 0.000000 1280.000000 0.250000 0.000000 105 105 105 // 5
    256.000000 256.000000 1280.000000 0.250000 0.250000 202 202 202 // 22
}

face 4 "//textures\unknown.png" 0 0 "" // 19
{
    256.000000 0.000000 1280.000000 0.250000 0.250000 105 105 105 // 5
    256.000000 0.000000 1024.000000 0.000000 0.250000 45 45 45 // 0
    256.000000 -256.000000 1024.000000 0.000000 0.000000 0 0 0 // 21
    256.000000 -256.000000 1280.000000 0.250000 0.000000 0 0 0 // 37
}

face 4 "//textures\unknown.png" 0 0 "" // 20
{
    -256.000000 0.000000 1536.000000 0.000000 0.000000 45 45 45 // 27
    -256.000000 256.000000 1536.000000 0.250000 0.000000 105 105 105 // 28
    0.000000 256.000000 1536.000000 0.250000 0.250000 202 202 202 // 29
    0.000000 0.000000 1536.000000 0.000000 0.250000 105 105 105 // 26
}

face 4 "//textures\unknown.png" 0 0 "" // 21
{
    0.000000 0.000000 1536.000000 0.000000 0.000000 105 105 105 // 26
    0.000000 256.000000 1536.000000 0.250000 0.000000 202 202 202 // 29
    256.000000 256.000000 1536.000000 0.250000 0.250000 105 105 105 // 30
    256.000000 0.000000 1536.000000 0.000000 0.250000 45 45 45 // 13
}

face 4 "//textures\unknown.png" 0 0 "" // 22
{
    -256.000000 256.000000 1536.000000 0.000000 0.000000 105 105 105 // 28
    -256.000000 512.000000 1536.000000 0.250000 0.000000 45 45 45 // 31
    0.000000 512.000000 1536.000000 0.250000 0.250000 105 105 105 // 32
    0.000000 256.000000 1536.000000 0.000000 0.250000 202 202 202 // 29
}

face 4 "//textures\unknown.png" 0 0 "" // 23
{
    0.000000 256.000000 1536.000000 0.000000 0.000000 202 202 202 // 29
    0.000000 512.000000 1536.000000 0.250000 0.000000 105 105 105 // 32
    256.000000 512.000000 1536.000000 0.250000 0.250000 45 45 45 // 33
    256.000000 256.000000 1536.000000 0.000000 0.250000 105 105 105 // 30
}

face 4 "//textures\unknown.png" 0 0 "" // 24
{
    0.000000 512.000000 1280.000000 0.250000 0.000000 202 202 202 // 24
    256.000000 512.000000 1280.000000 0.250000 0.250000 105 105 105 // 25
    256.000000 512.000000 1536.000000 0.000000 0.250000 45 45 45 // 33
    0.000000 512.000000 1536.000000 0.000000 0.000000 105 105 105 // 32
}

face 4 "//textures\unknown.png" 0 0 "" // 25
{
    0.000000 0.000000 1536.000000 0.000000 0.000000 105 105 105 // 26
    256.000000 0.000000 1536.000000 0.250000 0.000000 45 45 45 // 13
    256.000000 -256.000000 1536.000000 0.250000 0.250000 0 0 0 // 41
    0.000000 -256.000000 1536.000000 0.000000 0.250000 0 0 0 // 39
}

face 4 "//textures\unknown.png" 0 0 "" // 26
{
    -256.000000 512.000000 1280.000000 0.250000 0.000000 105 105 105 // 23
    0.000000 512.000000 1280.000000 0.250000 0.250000 202 202 202 // 24
    0.000000 512.000000 1536.000000 0.000000 0.250000 105 105 105 // 32
    -256.000000 512.000000 1536.000000 0.000000 0.000000 45 45 45 // 31
}

face 4 "//textures\unknown.png" 0 0 "" // 27
{
    -256.000000 256.000000 1280.000000 0.250000 0.000000 202 202 202 // 20
    -256.000000 512.000000 1280.000000 0.250000 0.250000 105 105 105 // 23
    -256.000000 512.000000 1536.000000 0.000000 0.250000 45 45 45 // 31
    -256.000000 256.000000 1536.000000 0.000000 0.000000 105 105 105 // 28
}

face 4 "//textures\unknown.png" 0 0 "" // 28
{
    256.000000 -256.000000 1024.000000 0.000000 0.000000 0 0 0 // 21
    0.000000 -256.000000 1024.000000 0.250000 0.000000 0 0 0 // 34
    0.000000 -512.000000 1024.000000 0.250000 0.250000 105 105 105 // 42
    256.000000 -512.000000 1024.000000 0.000000 0.250000 45 45 45 // 18
}

face 4 "//textures\unknown.png" 0 0 "" // 29
{
    -256.000000 -256.000000 1536.000000 0.000000 0.000000 0 0 0 // 40
    0.000000 -256.000000 1536.000000 0.250000 0.000000 0 0 0 // 39
    0.000000 -512.000000 1536.000000 0.250000 0.250000 105 105 105 // 46
    -256.000000 -512.000000 1536.000000 0.000000 0.250000 45 45 45 // 47
}

face 4 "//textures\unknown.png" 0 0 "" // 30
{
    -256.000000 -256.000000 1024.000000 0.000000 0.000000 0 0 0 // 35
    -256.000000 -256.000000 1280.000000 0.250000 0.000000 0 0 0 // 36
    -256.000000 -512.000000 1280.000000 0.250000 0.250000 105 105 105 // 44
    -256.000000 -512.000000 1024.000000 0.000000 0.250000 45 45 45 // 43
}

face 4 "//textures\unknown.png" 0 0 "" // 31
{
    -256.000000 -256.000000 1280.000000 0.000000 0.000000 0 0 0 // 36
    -256.000000 -256.000000 1536.000000 0.250000 0.000000 0 0 0 // 40
    -256.000000 -512.000000 1536.000000 0.250000 0.250000 45 45 45 // 47
    -256.000000 -512.000000 1280.000000 0.000000 0.250000 105 105 105 // 44
}

face 4 "//textures\unknown.png" 0 0 "" // 32
{
    256.000000 0.000000 1024.000000 0.000000 0.000000 45 45 45 // 0
    0.000000 0.000000 1024.000000 0.250000 0.000000 105 105 105 // 10
    0.000000 -256.000000 1024.000000 0.250000 0.250000 0 0 0 // 34
    256.000000 -256.000000 1024.000000 0.000000 0.250000 0 0 0 // 21
}

face 4 "//textures\unknown.png" 0 0 "" // 33
{
    -256.000000 0.000000 1280.000000 0.000000 0.000000 105 105 105 // 19
    -256.000000 0.000000 1536.000000 0.250000 0.000000 45 45 45 // 27
    -256.000000 -256.000000 1536.000000 0.250000 0.250000 0 0 0 // 40
    -256.000000 -256.000000 1280.000000 0.000000 0.250000 0 0 0 // 36
}

face 4 "//textures\unknown.png" 0 0 "" // 34
{
    -256.000000 0.000000 1024.000000 0.000000 0.000000 45 45 45 // 11
    -256.000000 0.000000 1280.000000 0.250000 0.000000 105 105 105 // 19
    -256.000000 -256.000000 1280.000000 0.250000 0.250000 0 0 0 // 36
    -256.000000 -256.000000 1024.000000 0.000000 0.250000 0 0 0 // 35
}

face 4 "//textures\unknown.png" 0 0 "" // 35
{
    0.000000 0.000000 1024.000000 0.000000 0.000000 105 105 105 // 10
    -256.000000 0.000000 1024.000000 0.250000 0.000000 45 45 45 // 11
    -256.000000 -256.000000 1024.000000 0.250000 0.250000 0 0 0 // 35
    0.000000 -256.000000 1024.000000 0.000000 0.250000 0 0 0 // 34
}

face 4 "//textures\unknown.png" 0 0 "" // 36
{
    -256.000000 -512.000000 1024.000000 0.000000 0.000000 45 45 45 // 43
    -256.000000 -512.000000 1280.000000 0.250000 0.000000 105 105 105 // 44
    -256.000000 -768.000000 1280.000000 0.250000 0.250000 255 255 255 // 51
    -256.000000 -768.000000 1024.000000 0.000000 0.250000 126 126 126 // 50
}

face 4 "//textures\unknown.png" 0 0 "" // 37
{
    -256.000000 -512.000000 1280.000000 0.000000 0.000000 105 105 105 // 44
    -256.000000 -512.000000 1536.000000 0.250000 0.000000 45 45 45 // 47
    -256.000000 -768.000000 1536.000000 0.250000 0.250000 105 105 105 // 54
    -256.000000 -768.000000 1280.000000 0.000000 0.250000 255 255 255 // 51
}

face 4 "//textures\unknown.png" 0 0 "" // 38
{
    0.000000 -512.000000 1536.000000 0.000000 0.000000 105 105 105 // 46
    256.000000 -512.000000 1536.000000 0.250000 0.000000 45 45 45 // 48
    256.000000 -768.000000 1536.000000 0.250000 0.250000 105 105 105 // 55
    0.000000 -768.000000 1536.000000 0.000000 0.250000 202 202 202 // 53
}

face 4 "//textures\unknown.png" 0 0 "" // 39
{
    0.000000 -512.000000 1024.000000 0.000000 0.000000 105 105 105 // 42
    -256.000000 -512.000000 1024.000000 0.250000 0.000000 45 45 45 // 43
    -256.000000 -768.000000 1024.000000 0.250000 0.250000 126 126 126 // 50
    0.000000 -768.000000 1024.000000 0.000000 0.250000 234 234 234 // 49
}

face 4 "//textures\unknown.png" 0 0 "" // 40
{
    256.000000 -256.000000 1280.000000 0.250000 0.250000 0 0 0 // 37
    256.000000 -256.000000 1024.000000 0.000000 0.250000 0 0 0 // 21
    256.000000 -512.000000 1024.000000 0.000000 0.000000 45 45 45 // 18
    256.000000 -512.000000 1280.000000 0.250000 0.000000 105 105 105 // 45
}

face 4 "//textures\unknown.png" 0 0 "" // 41
{
    256.000000 -256.000000 1536.000000 0.250000 0.250000 0 0 0 // 41
    256.000000 -256.000000 1280.000000 0.000000 0.250000 0 0 0 // 37
    256.000000 -512.000000 1280.000000 0.000000 0.000000 105 105 105 // 45
    256.000000 -512.000000 1536.000000 0.250000 0.000000 45 45 45 // 48
}

face 4 "//textures\unknown.png" 0 0 "" // 42
{
    0.000000 -256.000000 1024.000000 0.000000 0.000000 0 0 0 // 34
    -256.000000 -256.000000 1024.000000 0.250000 0.000000 0 0 0 // 35
    -256.000000 -512.000000 1024.000000 0.250000 0.250000 45 45 45 // 43
    0.000000 -512.000000 1024.000000 0.000000 0.250000 105 105 105 // 42
}

face 4 "//textures\unknown.png" 0 0 "" // 43
{
    0.000000 -256.000000 1536.000000 0.000000 0.000000 0 0 0 // 39
    256.000000 -256.000000 1536.000000 0.250000 0.000000 0 0 0 // 41
    256.000000 -512.000000 1536.000000 0.250000 0.250000 45 45 45 // 48
    0.000000 -512.000000 1536.000000 0.000000 0.250000 105 105 105 // 46
}

face 4 "//textures\unknown.png" 0 0 "" // 44
{
    -256.000000 -512.000000 1536.000000 0.000000 0.000000 45 45 45 // 47
    0.000000 -512.000000 1536.000000 0.250000 0.000000 105 105 105 // 46
    0.000000 -768.000000 1536.000000 0.250000 0.250000 202 202 202 // 53
    -256.000000 -768.000000 1536.000000 0.000000 0.250000 105 105 105 // 54
}

face 4 "//textures\unknown.png" 0 0 "" // 45
{
    256.000000 -512.000000 1024.000000 0.000000 0.000000 45 45 45 // 18
    0.000000 -512.000000 1024.000000 0.250000 0.000000 105 105 105 // 42
    0.000000 -768.000000 1024.000000 0.250000 0.250000 234 234 234 // 49
    256.000000 -768.000000 1024.000000 0.000000 0.250000 126 126 126 // 38
}

face 4 "//textures\unknown.png" 0 0 "" // 46
{
    256.000000 -512.000000 1280.000000 0.250000 0.250000 105 105 105 // 45
    256.000000 -512.000000 1024.000000 0.000000 0.250000 45 45 45 // 18
    256.000000 -768.000000 1024.000000 0.000000 0.000000 126 126 126 // 38
    256.000000 -768.000000 1280.000000 0.250000 0.000000 255 255 255 // 52
}

face 4 "//textures\unknown.png" 0 0 "" // 47
{
    256.000000 -512.000000 1536.000000 0.250000 0.250000 45 45 45 // 48
    256.000000 -512.000000 1280.000000 0.000000 0.250000 105 105 105 // 45
    256.000000 -768.000000 1280.000000 0.000000 0.000000 255 255 255 // 52
    256.000000 -768.000000 1536.000000 0.250000 0.000000 105 105 105 // 55
}

face 4 "//textures\_portal.png" 0 0 "" // 48
{
    -256.000000 0.000000 768.000000 0.000000 0.000000 255 255 255 // 3
    256.000000 0.000000 768.000000 1.000000 0.000000 255 255 255 // 1
    256.000000 512.000000 768.000000 1.000000 1.000000 255 255 255 // 9
    -256.000000 512.000000 768.000000 0.000000 1.000000 255 255 255 // 7
}

face 4 "//textures\_portal.png" 0 0 "" // 49
{
    -256.000000 -768.000000 1024.000000 0.000000 0.000000 255 255 255 // 50
    -256.000000 -768.000000 1536.000000 1.000000 0.000000 255 255 255 // 54
    256.000000 -768.000000 1536.000000 1.000000 1.000000 255 255 255 // 55
    256.000000 -768.000000 1024.000000 0.000000 1.000000 255 255 255 // 38
}

playerStart
{
    name "Empty.001"
    group ""
    origin 0.000000 256.000000 256.000000
    direction 0.000000 1.000000 0.000000
    upVector 0.000000 0.000000 1.000000
}

group "Plane" // 7
orientation 0.000000 0.000000 1.000000
waterType 0
soundDistanceScale 1.000000
caustics_red 1.000000
caustics_green 1.000000
caustics_blue 1.000000
face 4 "//textures\unknown.png" 0 0 "" // 0
{
    -256.000000 -256.000000 0.000000 0.000000 0.000000 63 63 63 // 6
    0.000000 -256.000000 0.000000 0.250000 0.000000 90 90 90 // 0
    0.000000 0.000000 0.000000 0.250000 0.250000 218 218 218 // 2
    -256.000000 0.000000 0.000000 0.000000 0.250000 163 163 163 // 8
}

face 4 "//textures\unknown.png" 0 0 "" // 1
{
    0.000000 -256.000000 0.000000 0.000000 0.000000 90 90 90 // 0
    256.000000 -256.000000 0.000000 0.250000 0.000000 63 63 63 // 1
    256.000000 0.000000 0.000000 0.250000 0.250000 163 163 163 // 4
    0.000000 0.000000 0.000000 0.000000 0.250000 218 218 218 // 2
}

face 4 "//textures\unknown.png" 0 0 "" // 2
{
    256.000000 -256.000000 0.000000 0.000000 0.000000 63 63 63 // 1
    512.000000 -256.000000 0.000000 0.250000 0.000000 0 0 0 // 3
    512.000000 0.000000 0.000000 0.250000 0.250000 63 63 63 // 9
    256.000000 0.000000 0.000000 0.000000 0.250000 163 163 163 // 4
}

face 4 "//textures\unknown.png" 0 0 "" // 3
{
    -512.000000 -256.000000 0.000000 0.000000 0.000000 0 0 0 // 5
    -256.000000 -256.000000 0.000000 0.250000 0.000000 63 63 63 // 6
    -256.000000 0.000000 0.000000 0.250000 0.250000 163 163 163 // 8
    -512.000000 0.000000 0.000000 0.000000 0.250000 63 63 63 // 7
}

face 4 "//textures\unknown.png" 0 0 "" // 4
{
    -256.000000 0.000000 0.000000 0.000000 0.000000 163 163 163 // 8
    0.000000 0.000000 0.000000 0.250000 0.000000 218 218 218 // 2
    0.000000 256.000000 0.000000 0.250000 0.250000 255 255 255 // 14
    -256.000000 256.000000 0.000000 0.000000 0.250000 218 218 218 // 12
}

face 4 "//textures\unknown.png" 0 0 "" // 5
{
    0.000000 0.000000 0.000000 0.000000 0.000000 218 218 218 // 2
    256.000000 0.000000 0.000000 0.250000 0.000000 163 163 163 // 4
    256.000000 256.000000 0.000000 0.250000 0.250000 218 218 218 // 10
    0.000000 256.000000 0.000000 0.000000 0.250000 255 255 255 // 14
}

face 4 "//textures\unknown.png" 0 0 "" // 6
{
    256.000000 0.000000 0.000000 0.000000 0.000000 163 163 163 // 4
    512.000000 0.000000 0.000000 0.250000 0.000000 63 63 63 // 9
    512.000000 256.000000 0.000000 0.250000 0.250000 90 90 90 // 15
    256.000000 256.000000 0.000000 0.000000 0.250000 218 218 218 // 10
}

face 4 "//textures\unknown.png" 0 0 "" // 7
{
    -512.000000 0.000000 0.000000 0.000000 0.000000 63 63 63 // 7
    -256.000000 0.000000 0.000000 0.250000 0.000000 163 163 163 // 8
    -256.000000 256.000000 0.000000 0.250000 0.250000 218 218 218 // 12
    -512.000000 256.000000 0.000000 0.000000 0.250000 90 90 90 // 11
}

face 4 "//textures\unknown.png" 0 0 "" // 8
{
    -256.000000 256.000000 0.000000 0.000000 0.000000 218 218 218 // 12
    0.000000 256.000000 0.000000 0.250000 0.000000 255 255 255 // 14
    0.000000 512.000000 0.000000 0.250000 0.250000 218 218 218 // 13
    -256.000000 512.000000 0.000000 0.000000 0.250000 163 163 163 // 18
}

face 4 "//textures\unknown.png" 0 0 "" // 9
{
    0.000000 256.000000 0.000000 0.000000 0.000000 255 255 255 // 14
    256.000000 256.000000 0.000000 0.250000 0.000000 218 218 218 // 10
    256.000000 512.000000 0.000000 0.250000 0.250000 163 163 163 // 16
    0.000000 512.000000 0.000000 0.000000 0.250000 218 218 218 // 13
}

face 4 "//textures\unknown.png" 0 0 "" // 10
{
    256.000000 256.000000 0.000000 0.000000 0.000000 218 218 218 // 10
    512.000000 256.000000 0.000000 0.250000 0.000000 90 90 90 // 15
    512.000000 512.000000 0.000000 0.250000 0.250000 63 63 63 // 17
    256.000000 512.000000 0.000000 0.000000 0.250000 163 163 163 // 16
}

face 4 "//textures\unknown.png" 0 0 "" // 11
{
    -512.000000 256.000000 0.000000 0.000000 0.000000 90 90 90 // 11
    -256.000000 256.000000 0.000000 0.250000 0.000000 218 218 218 // 12
    -256.000000 512.000000 0.000000 0.250000 0.250000 163 163 163 // 18
    -512.000000 512.000000 0.000000 0.000000 0.250000 63 63 63 // 22
}

face 4 "//textures\unknown.png" 0 0 "" // 12
{
    -256.000000 512.000000 0.000000 0.000000 0.000000 163 163 163 // 18
    0.000000 512.000000 0.000000 0.250000 0.000000 218 218 218 // 13
    0.000000 768.000000 0.000000 0.250000 0.250000 90 90 90 // 19
    -256.000000 768.000000 0.000000 0.000000 0.250000 63 63 63 // 24
}

face 4 "//textures\unknown.png" 0 0 "" // 13
{
    0.000000 512.000000 0.000000 0.000000 0.000000 218 218 218 // 13
    256.000000 512.000000 0.000000 0.250000 0.000000 163 163 163 // 16
    256.000000 768.000000 0.000000 0.250000 0.250000 63 63 63 // 20
    0.000000 768.000000 0.000000 0.000000 0.250000 90 90 90 // 19
}

face 4 "//textures\unknown.png" 0 0 "" // 14
{
    256.000000 512.000000 0.000000 0.000000 0.000000 163 163 163 // 16
    512.000000 512.000000 0.000000 0.250000 0.000000 63 63 63 // 17
    512.000000 768.000000 0.000000 0.250000 0.250000 0 0 0 // 21
    256.000000 768.000000 0.000000 0.000000 0.250000 63 63 63 // 20
}

face 4 "//textures\unknown.png" 0 0 "" // 15
{
    -512.000000 512.000000 0.000000 0.000000 0.000000 63 63 63 // 22
    -256.000000 512.000000 0.000000 0.250000 0.000000 163 163 163 // 18
    -256.000000 768.000000 0.000000 0.250000 0.250000 63 63 63 // 24
    -512.000000 768.000000 0.000000 0.000000 0.250000 0 0 0 // 23
}

face 4 "//textures\unknown.png" 0 0 "" // 16
{
    -256.000000 -256.000000 512.000000 0.000000 0.000000 63 63 63 // 25
    -256.000000 0.000000 512.000000 0.250000 0.000000 163 163 163 // 26
    0.000000 0.000000 512.000000 0.250000 0.250000 218 218 218 // 28
    0.000000 -256.000000 512.000000 0.000000 0.250000 90 90 90 // 59
}

face 4 "//textures\unknown.png" 0 0 "" // 17
{
    0.000000 -256.000000 512.000000 0.000000 0.000000 90 90 90 // 59
    0.000000 0.000000 512.000000 0.250000 0.000000 218 218 218 // 28
    256.000000 0.000000 512.000000 0.250000 0.250000 163 163 163 // 29
    256.000000 -256.000000 512.000000 0.000000 0.250000 63 63 63 // 27
}

face 4 "//textures\unknown.png" 0 0 "" // 18
{
    256.000000 -256.000000 512.000000 0.000000 0.000000 63 63 63 // 27
    256.000000 0.000000 512.000000 0.250000 0.000000 163 163 163 // 29
    512.000000 0.000000 512.000000 0.250000 0.250000 63 63 63 // 30
    512.000000 -256.000000 512.000000 0.000000 0.250000 0 0 0 // 60
}

face 4 "//textures\unknown.png" 0 0 "" // 19
{
    -512.000000 -256.000000 512.000000 0.000000 0.000000 0 0 0 // 31
    -512.000000 0.000000 512.000000 0.250000 0.000000 63 63 63 // 35
    -256.000000 0.000000 512.000000 0.250000 0.250000 163 163 163 // 26
    -256.000000 -256.000000 512.000000 0.000000 0.250000 63 63 63 // 25
}

face 4 "//textures\unknown.png" 0 0 "" // 20
{
    0.000000 512.000000 512.000000 0.250000 0.000000 218 218 218 // 39
    256.000000 512.000000 512.000000 0.250000 0.250000 163 163 163 // 36
    256.000000 512.000000 768.000000 0.000000 0.250000 63 63 63 // 72
    0.000000 512.000000 768.000000 0.000000 0.000000 90 90 90 // 71
}

face 4 "//textures\unknown.png" 0 0 "" // 21
{
    256.000000 256.000000 512.000000 0.000000 0.250000 218 218 218 // 33
    256.000000 0.000000 512.000000 0.000000 0.000000 163 163 163 // 29
    256.000000 0.000000 768.000000 0.250000 0.000000 63 63 63 // 65
    256.000000 256.000000 768.000000 0.250000 0.250000 90 90 90 // 69
}

face 4 "//textures\unknown.png" 0 0 "" // 22
{
    256.000000 0.000000 512.000000 0.000000 0.000000 163 163 163 // 29
    256.000000 256.000000 512.000000 0.250000 0.000000 218 218 218 // 33
    512.000000 256.000000 512.000000 0.250000 0.250000 90 90 90 // 34
    512.000000 0.000000 512.000000 0.000000 0.250000 63 63 63 // 30
}

face 4 "//textures\unknown.png" 0 0 "" // 23
{
    -512.000000 0.000000 512.000000 0.000000 0.000000 63 63 63 // 35
    -512.000000 256.000000 512.000000 0.250000 0.000000 90 90 90 // 61
    -256.000000 256.000000 512.000000 0.250000 0.250000 218 218 218 // 32
    -256.000000 0.000000 512.000000 0.000000 0.250000 163 163 163 // 26
}

face 4 "//textures\unknown.png" 0 0 "" // 24
{
    0.000000 0.000000 512.000000 0.250000 0.000000 218 218 218 // 28
    -256.000000 0.000000 512.000000 0.250000 0.250000 163 163 163 // 26
    -256.000000 0.000000 768.000000 0.000000 0.250000 63 63 63 // 67
    0.000000 0.000000 768.000000 0.000000 0.000000 90 90 90 // 66
}

face 4 "//textures\unknown.png" 0 0 "" // 25
{
    256.000000 0.000000 512.000000 0.250000 0.000000 163 163 163 // 29
    0.000000 0.000000 512.000000 0.250000 0.250000 218 218 218 // 28
    0.000000 0.000000 768.000000 0.000000 0.250000 90 90 90 // 66
    256.000000 0.000000 768.000000 0.000000 0.000000 63 63 63 // 65
}

face 4 "//textures\unknown.png" 0 0 "" // 26
{
    256.000000 256.000000 512.000000 0.000000 0.000000 218 218 218 // 33
    256.000000 512.000000 512.000000 0.250000 0.000000 163 163 163 // 36
    512.000000 512.000000 512.000000 0.250000 0.250000 63 63 63 // 37
    512.000000 256.000000 512.000000 0.000000 0.250000 90 90 90 // 34
}

face 4 "//textures\unknown.png" 0 0 "" // 27
{
    -512.000000 256.000000 512.000000 0.000000 0.000000 90 90 90 // 61
    -512.000000 512.000000 512.000000 0.250000 0.000000 63 63 63 // 40
    -256.000000 512.000000 512.000000 0.250000 0.250000 163 163 163 // 41
    -256.000000 256.000000 512.000000 0.000000 0.250000 218 218 218 // 32
}

face 4 "//textures\unknown.png" 0 0 "" // 28
{
    -256.000000 512.000000 512.000000 0.000000 0.000000 163 163 163 // 41
    -256.000000 768.000000 512.000000 0.250000 0.000000 63 63 63 // 38
    0.000000 768.000000 512.000000 0.250000 0.250000 90 90 90 // 62
    0.000000 512.000000 512.000000 0.000000 0.250000 218 218 218 // 39
}

face 4 "//textures\unknown.png" 0 0 "" // 29
{
    0.000000 512.000000 512.000000 0.000000 0.000000 218 218 218 // 39
    0.000000 768.000000 512.000000 0.250000 0.000000 90 90 90 // 62
    256.000000 768.000000 512.000000 0.250000 0.250000 63 63 63 // 63
    256.000000 512.000000 512.000000 0.000000 0.250000 163 163 163 // 36
}

face 4 "//textures\unknown.png" 0 0 "" // 30
{
    256.000000 512.000000 512.000000 0.000000 0.000000 163 163 163 // 36
    256.000000 768.000000 512.000000 0.250000 0.000000 63 63 63 // 63
    512.000000 768.000000 512.000000 0.250000 0.250000 0 0 0 // 64
    512.000000 512.000000 512.000000 0.000000 0.250000 63 63 63 // 37
}

face 4 "//textures\unknown.png" 0 0 "" // 31
{
    -512.000000 512.000000 512.000000 0.000000 0.000000 63 63 63 // 40
    -512.000000 768.000000 512.000000 0.250000 0.000000 0 0 0 // 42
    -256.000000 768.000000 512.000000 0.250000 0.250000 63 63 63 // 38
    -256.000000 512.000000 512.000000 0.000000 0.250000 163 163 163 // 41
}

face 4 "//textures\unknown.png" 0 0 "" // 32
{
    256.000000 768.000000 0.000000 0.250000 0.000000 63 63 63 // 20
    512.000000 768.000000 0.000000 0.250000 0.250000 0 0 0 // 21
    512.000000 768.000000 256.000000 0.000000 0.250000 18 18 18 // 55
    256.000000 768.000000 256.000000 0.000000 0.000000 90 90 90 // 53
}

face 4 "//textures\unknown.png" 0 0 "" // 33
{
    -512.000000 512.000000 0.000000 0.250000 0.000000 63 63 63 // 22
    -512.000000 768.000000 0.000000 0.250000 0.250000 0 0 0 // 23
    -512.000000 768.000000 256.000000 0.000000 0.250000 18 18 18 // 57
    -512.000000 512.000000 256.000000 0.000000 0.000000 90 90 90 // 56
}

face 4 "//textures\unknown.png" 0 0 "" // 34
{
    0.000000 -256.000000 0.000000 0.250000 0.000000 90 90 90 // 0
    -256.000000 -256.000000 0.000000 0.250000 0.250000 63 63 63 // 6
    -256.000000 -256.000000 256.000000 0.000000 0.250000 90 90 90 // 43
    0.000000 -256.000000 256.000000 0.000000 0.000000 122 122 122 // 44
}

face 4 "//textures\unknown.png" 0 0 "" // 35
{
    512.000000 -256.000000 0.000000 0.250000 0.000000 0 0 0 // 3
    256.000000 -256.000000 0.000000 0.250000 0.250000 63 63 63 // 1
    256.000000 -256.000000 256.000000 0.000000 0.250000 90 90 90 // 45
    512.000000 -256.000000 256.000000 0.000000 0.000000 18 18 18 // 46
}

face 4 "//textures\unknown.png" 0 0 "" // 36
{
    512.000000 0.000000 0.000000 0.000000 0.250000 63 63 63 // 9
    512.000000 -256.000000 0.000000 0.000000 0.000000 0 0 0 // 3
    512.000000 -256.000000 256.000000 0.250000 0.000000 18 18 18 // 46
    512.000000 0.000000 256.000000 0.250000 0.250000 90 90 90 // 47
}

face 4 "//textures\unknown.png" 0 0 "" // 37
{
    0.000000 768.000000 0.000000 0.250000 0.000000 90 90 90 // 19
    256.000000 768.000000 0.000000 0.250000 0.250000 63 63 63 // 20
    256.000000 768.000000 256.000000 0.000000 0.250000 90 90 90 // 53
    0.000000 768.000000 256.000000 0.000000 0.000000 122 122 122 // 52
}

face 4 "//textures\unknown.png" 0 0 "" // 38
{
    -512.000000 768.000000 0.000000 0.250000 0.000000 0 0 0 // 23
    -256.000000 768.000000 0.000000 0.250000 0.250000 63 63 63 // 24
    -256.000000 768.000000 256.000000 0.000000 0.250000 90 90 90 // 58
    -512.000000 768.000000 256.000000 0.000000 0.000000 18 18 18 // 57
}

face 4 "//textures\unknown.png" 0 0 "" // 39
{
    512.000000 256.000000 0.000000 0.000000 0.250000 90 90 90 // 15
    512.000000 0.000000 0.000000 0.000000 0.000000 63 63 63 // 9
    512.000000 0.000000 256.000000 0.250000 0.000000 90 90 90 // 47
    512.000000 256.000000 256.000000 0.250000 0.250000 122 122 122 // 51
}

face 4 "//textures\unknown.png" 0 0 "" // 40
{
    -512.000000 -256.000000 0.000000 0.250000 0.000000 0 0 0 // 5
    -512.000000 0.000000 0.000000 0.250000 0.250000 63 63 63 // 7
    -512.000000 0.000000 256.000000 0.000000 0.250000 90 90 90 // 49
    -512.000000 -256.000000 256.000000 0.000000 0.000000 18 18 18 // 48
}

face 4 "//textures\unknown.png" 0 0 "" // 41
{
    512.000000 512.000000 0.000000 0.000000 0.250000 63 63 63 // 17
    512.000000 256.000000 0.000000 0.000000 0.000000 90 90 90 // 15
    512.000000 256.000000 256.000000 0.250000 0.000000 122 122 122 // 51
    512.000000 512.000000 256.000000 0.250000 0.250000 90 90 90 // 54
}

face 4 "//textures\unknown.png" 0 0 "" // 42
{
    256.000000 -256.000000 0.000000 0.250000 0.000000 63 63 63 // 1
    0.000000 -256.000000 0.000000 0.250000 0.250000 90 90 90 // 0
    0.000000 -256.000000 256.000000 0.000000 0.250000 122 122 122 // 44
    256.000000 -256.000000 256.000000 0.000000 0.000000 90 90 90 // 45
}

face 4 "//textures\unknown.png" 0 0 "" // 43
{
    -256.000000 -256.000000 0.000000 0.250000 0.000000 63 63 63 // 6
    -512.000000 -256.000000 0.000000 0.250000 0.250000 0 0 0 // 5
    -512.000000 -256.000000 256.000000 0.000000 0.250000 18 18 18 // 48
    -256.000000 -256.000000 256.000000 0.000000 0.000000 90 90 90 // 43
}

face 4 "//textures\unknown.png" 0 0 "" // 44
{
    -512.000000 0.000000 0.000000 0.250000 0.000000 63 63 63 // 7
    -512.000000 256.000000 0.000000 0.250000 0.250000 90 90 90 // 11
    -512.000000 256.000000 256.000000 0.000000 0.250000 122 122 122 // 50
    -512.000000 0.000000 256.000000 0.000000 0.000000 90 90 90 // 49
}

face 4 "//textures\unknown.png" 0 0 "" // 45
{
    512.000000 768.000000 0.000000 0.000000 0.250000 0 0 0 // 21
    512.000000 512.000000 0.000000 0.000000 0.000000 63 63 63 // 17
    512.000000 512.000000 256.000000 0.250000 0.000000 90 90 90 // 54
    512.000000 768.000000 256.000000 0.250000 0.250000 18 18 18 // 55
}

face 4 "//textures\unknown.png" 0 0 "" // 46
{
    -256.000000 768.000000 0.000000 0.250000 0.000000 63 63 63 // 24
    0.000000 768.000000 0.000000 0.250000 0.250000 90 90 90 // 19
    0.000000 768.000000 256.000000 0.000000 0.250000 122 122 122 // 52
    -256.000000 768.000000 256.000000 0.000000 0.000000 90 90 90 // 58
}

face 4 "//textures\unknown.png" 0 0 "" // 47
{
    -512.000000 256.000000 0.000000 0.250000 0.000000 90 90 90 // 11
    -512.000000 512.000000 0.000000 0.250000 0.250000 63 63 63 // 22
    -512.000000 512.000000 256.000000 0.000000 0.250000 90 90 90 // 56
    -512.000000 256.000000 256.000000 0.000000 0.000000 122 122 122 // 50
}

face 4 "//textures\unknown.png" 0 0 "" // 48
{
    -256.000000 -256.000000 256.000000 0.250000 0.000000 90 90 90 // 43
    -512.000000 -256.000000 256.000000 0.250000 0.250000 18 18 18 // 48
    -512.000000 -256.000000 512.000000 0.000000 0.250000 0 0 0 // 31
    -256.000000 -256.000000 512.000000 0.000000 0.000000 63 63 63 // 25
}

face 4 "//textures\unknown.png" 0 0 "" // 49
{
    256.000000 768.000000 256.000000 0.250000 0.000000 90 90 90 // 53
    512.000000 768.000000 256.000000 0.250000 0.250000 18 18 18 // 55
    512.000000 768.000000 512.000000 0.000000 0.250000 0 0 0 // 64
    256.000000 768.000000 512.000000 0.000000 0.000000 63 63 63 // 63
}

face 4 "//textures\unknown.png" 0 0 "" // 50
{
    512.000000 256.000000 256.000000 0.000000 0.250000 122 122 122 // 51
    512.000000 0.000000 256.000000 0.000000 0.000000 90 90 90 // 47
    512.000000 0.000000 512.000000 0.250000 0.000000 63 63 63 // 30
    512.000000 256.000000 512.000000 0.250000 0.250000 90 90 90 // 34
}

face 4 "//textures\unknown.png" 0 0 "" // 51
{
    -512.000000 512.000000 256.000000 0.250000 0.000000 90 90 90 // 56
    -512.000000 768.000000 256.000000 0.250000 0.250000 18 18 18 // 57
    -512.000000 768.000000 512.000000 0.000000 0.250000 0 0 0 // 42
    -512.000000 512.000000 512.000000 0.000000 0.000000 63 63 63 // 40
}

face 4 "//textures\unknown.png" 0 0 "" // 52
{
    -512.000000 0.000000 256.000000 0.250000 0.000000 90 90 90 // 49
    -512.000000 256.000000 256.000000 0.250000 0.250000 122 122 122 // 50
    -512.000000 256.000000 512.000000 0.000000 0.250000 90 90 90 // 61
    -512.000000 0.000000 512.000000 0.000000 0.000000 63 63 63 // 35
}

face 4 "//textures\unknown.png" 0 0 "" // 53
{
    0.000000 -256.000000 256.000000 0.250000 0.000000 122 122 122 // 44
    -256.000000 -256.000000 256.000000 0.250000 0.250000 90 90 90 // 43
    -256.000000 -256.000000 512.000000 0.000000 0.250000 63 63 63 // 25
    0.000000 -256.000000 512.000000 0.000000 0.000000 90 90 90 // 59
}

face 4 "//textures\unknown.png" 0 0 "" // 54
{
    -512.000000 768.000000 256.000000 0.250000 0.000000 18 18 18 // 57
    -256.000000 768.000000 256.000000 0.250000 0.250000 90 90 90 // 58
    -256.000000 768.000000 512.000000 0.000000 0.250000 63 63 63 // 38
    -512.000000 768.000000 512.000000 0.000000 0.000000 0 0 0 // 42
}

face 4 "//textures\unknown.png" 0 0 "" // 55
{
    512.000000 512.000000 256.000000 0.000000 0.250000 90 90 90 // 54
    512.000000 256.000000 256.000000 0.000000 0.000000 122 122 122 // 51
    512.000000 256.000000 512.000000 0.250000 0.000000 90 90 90 // 34
    512.000000 512.000000 512.000000 0.250000 0.250000 63 63 63 // 37
}

face 4 "//textures\unknown.png" 0 0 "" // 56
{
    256.000000 -256.000000 256.000000 0.250000 0.000000 90 90 90 // 45
    0.000000 -256.000000 256.000000 0.250000 0.250000 122 122 122 // 44
    0.000000 -256.000000 512.000000 0.000000 0.250000 90 90 90 // 59
    256.000000 -256.000000 512.000000 0.000000 0.000000 63 63 63 // 27
}

face 4 "//textures\unknown.png" 0 0 "" // 57
{
    -512.000000 256.000000 256.000000 0.250000 0.000000 122 122 122 // 50
    -512.000000 512.000000 256.000000 0.250000 0.250000 90 90 90 // 56
    -512.000000 512.000000 512.000000 0.000000 0.250000 63 63 63 // 40
    -512.000000 256.000000 512.000000 0.000000 0.000000 90 90 90 // 61
}

face 4 "//textures\unknown.png" 0 0 "" // 58
{
    512.000000 -256.000000 256.000000 0.250000 0.000000 18 18 18 // 46
    256.000000 -256.000000 256.000000 0.250000 0.250000 90 90 90 // 45
    256.000000 -256.000000 512.000000 0.000000 0.250000 63 63 63 // 27
    512.000000 -256.000000 512.000000 0.000000 0.000000 0 0 0 // 60
}

face 4 "//textures\unknown.png" 0 0 "" // 59
{
    -256.000000 768.000000 256.000000 0.250000 0.000000 90 90 90 // 58
    0.000000 768.000000 256.000000 0.250000 0.250000 122 122 122 // 52
    0.000000 768.000000 512.000000 0.000000 0.250000 90 90 90 // 62
    -256.000000 768.000000 512.000000 0.000000 0.000000 63 63 63 // 38
}

face 4 "//textures\unknown.png" 0 0 "" // 60
{
    512.000000 0.000000 256.000000 0.000000 0.250000 90 90 90 // 47
    512.000000 -256.000000 256.000000 0.000000 0.000000 18 18 18 // 46
    512.000000 -256.000000 512.000000 0.250000 0.000000 0 0 0 // 60
    512.000000 0.000000 512.000000 0.250000 0.250000 63 63 63 // 30
}

face 4 "//textures\unknown.png" 0 0 "" // 61
{
    0.000000 768.000000 256.000000 0.250000 0.000000 122 122 122 // 52
    256.000000 768.000000 256.000000 0.250000 0.250000 90 90 90 // 53
    256.000000 768.000000 512.000000 0.000000 0.250000 63 63 63 // 63
    0.000000 768.000000 512.000000 0.000000 0.000000 90 90 90 // 62
}

face 4 "//textures\unknown.png" 0 0 "" // 62
{
    -512.000000 -256.000000 256.000000 0.250000 0.000000 18 18 18 // 48
    -512.000000 0.000000 256.000000 0.250000 0.250000 90 90 90 // 49
    -512.000000 0.000000 512.000000 0.000000 0.250000 63 63 63 // 35
    -512.000000 -256.000000 512.000000 0.000000 0.000000 0 0 0 // 31
}

face 4 "//textures\unknown.png" 0 0 "" // 63
{
    512.000000 768.000000 256.000000 0.000000 0.250000 18 18 18 // 55
    512.000000 512.000000 256.000000 0.000000 0.000000 90 90 90 // 54
    512.000000 512.000000 512.000000 0.250000 0.000000 63 63 63 // 37
    512.000000 768.000000 512.000000 0.250000 0.250000 0 0 0 // 64
}

face 4 "//textures\unknown.png" 0 0 "" // 64
{
    -256.000000 512.000000 512.000000 0.250000 0.000000 163 163 163 // 41
    0.000000 512.000000 512.000000 0.250000 0.250000 218 218 218 // 39
    0.000000 512.000000 768.000000 0.000000 0.250000 90 90 90 // 71
    -256.000000 512.000000 768.000000 0.000000 0.000000 63 63 63 // 70
}

face 4 "//textures\unknown.png" 0 0 "" // 65
{
    -256.000000 256.000000 512.000000 0.250000 0.000000 218 218 218 // 32
    -256.000000 512.000000 512.000000 0.250000 0.250000 163 163 163 // 41
    -256.000000 512.000000 768.000000 0.000000 0.250000 63 63 63 // 70
    -256.000000 256.000000 768.000000 0.000000 0.000000 90 90 90 // 68
}

face 4 "//textures\unknown.png" 0 0 "" // 66
{
    256.000000 512.000000 512.000000 0.000000 0.250000 163 163 163 // 36
    256.000000 256.000000 512.000000 0.000000 0.000000 218 218 218 // 33
    256.000000 256.000000 768.000000 0.250000 0.000000 90 90 90 // 69
    256.000000 512.000000 768.000000 0.250000 0.250000 63 63 63 // 72
}

face 4 "//textures\unknown.png" 0 0 "" // 67
{
    -256.000000 0.000000 512.000000 0.250000 0.000000 163 163 163 // 26
    -256.000000 256.000000 512.000000 0.250000 0.250000 218 218 218 // 32
    -256.000000 256.000000 768.000000 0.000000 0.250000 90 90 90 // 68
    -256.000000 0.000000 768.000000 0.000000 0.000000 63 63 63 // 67
}

face 4 "//textures\_portal.png" 0 0 "" // 68
{
    -256.000000 0.000000 768.000000 0.000000 0.000000 255 255 255 // 67
    -256.000000 512.000000 768.000000 1.000000 0.000000 255 255 255 // 70
    256.000000 512.000000 768.000000 1.000000 1.000000 255 255 255 // 72
    256.000000 0.000000 768.000000 0.000000 1.000000 255 255 255 // 65
}

