// Generated Forsaken Level Data for Kex Engine
// DO NOT MODIFY!

playerStart
{
    name "Empty.001"
    group ""
    origin 0.000000 256.000000 256.000000
    direction 0.000000 1.000000 0.000000
    upVector 0.000000 0.000000 1.000000
}

group "Plane" // 2
orientation 0.000000 0.000000 1.000000
waterType 0
soundDistanceScale 1.000000
caustics_red 1.000000
caustics_green 1.000000
caustics_blue 1.000000
face 4 "//textures\unknown.png" 0 0 "" // 0
{
    -256.000000 -256.000000 0.000000 0.000000 0.000000 63 63 63 // 6
    0.000000 -256.000000 0.000000 0.250000 0.000000 90 90 90 // 0
    0.000000 0.000000 0.000000 0.250000 0.250000 218 218 218 // 2
    -256.000000 0.000000 0.000000 0.000000 0.250000 163 163 163 // 8
}

face 4 "//textures\unknown.png" 0 0 "" // 1
{
    0.000000 -256.000000 0.000000 0.000000 0.000000 90 90 90 // 0
    256.000000 -256.000000 0.000000 0.250000 0.000000 63 63 63 // 1
    256.000000 0.000000 0.000000 0.250000 0.250000 163 163 163 // 4
    0.000000 0.000000 0.000000 0.000000 0.250000 218 218 218 // 2
}

face 4 "//textures\unknown.png" 0 0 "" // 2
{
    256.000000 -256.000000 0.000000 0.000000 0.000000 63 63 63 // 1
    512.000000 -256.000000 0.000000 0.250000 0.000000 0 0 0 // 3
    512.000000 0.000000 0.000000 0.250000 0.250000 63 63 63 // 9
    256.000000 0.000000 0.000000 0.000000 0.250000 163 163 163 // 4
}

face 4 "//textures\unknown.png" 0 0 "" // 3
{
    -512.000000 -256.000000 0.000000 0.000000 0.000000 0 0 0 // 5
    -256.000000 -256.000000 0.000000 0.250000 0.000000 63 63 63 // 6
    -256.000000 0.000000 0.000000 0.250000 0.250000 163 163 163 // 8
    -512.000000 0.000000 0.000000 0.000000 0.250000 63 63 63 // 7
}

face 4 "//textures\unknown.png" 0 0 "" // 4
{
    -256.000000 0.000000 0.000000 0.000000 0.000000 163 163 163 // 8
    0.000000 0.000000 0.000000 0.250000 0.000000 218 218 218 // 2
    0.000000 256.000000 0.000000 0.250000 0.250000 255 255 255 // 14
    -256.000000 256.000000 0.000000 0.000000 0.250000 218 218 218 // 12
}

face 4 "//textures\unknown.png" 0 0 "" // 5
{
    0.000000 0.000000 0.000000 0.000000 0.000000 218 218 218 // 2
    256.000000 0.000000 0.000000 0.250000 0.000000 163 163 163 // 4
    256.000000 256.000000 0.000000 0.250000 0.250000 218 218 218 // 10
    0.000000 256.000000 0.000000 0.000000 0.250000 255 255 255 // 14
}

face 4 "//textures\unknown.png" 0 0 "" // 6
{
    256.000000 0.000000 0.000000 0.000000 0.000000 163 163 163 // 4
    512.000000 0.000000 0.000000 0.250000 0.000000 63 63 63 // 9
    512.000000 256.000000 0.000000 0.250000 0.250000 90 90 90 // 15
    256.000000 256.000000 0.000000 0.000000 0.250000 218 218 218 // 10
}

face 4 "//textures\unknown.png" 0 0 "" // 7
{
    -512.000000 0.000000 0.000000 0.000000 0.000000 63 63 63 // 7
    -256.000000 0.000000 0.000000 0.250000 0.000000 163 163 163 // 8
    -256.000000 256.000000 0.000000 0.250000 0.250000 218 218 218 // 12
    -512.000000 256.000000 0.000000 0.000000 0.250000 90 90 90 // 11
}

face 4 "//textures\unknown.png" 0 0 "" // 8
{
    -256.000000 256.000000 0.000000 0.000000 0.000000 218 218 218 // 12
    0.000000 256.000000 0.000000 0.250000 0.000000 255 255 255 // 14
    0.000000 512.000000 0.000000 0.250000 0.250000 218 218 218 // 13
    -256.000000 512.000000 0.000000 0.000000 0.250000 163 163 163 // 18
}

face 4 "//textures\unknown.png" 0 0 "" // 9
{
    0.000000 256.000000 0.000000 0.000000 0.000000 255 255 255 // 14
    256.000000 256.000000 0.000000 0.250000 0.000000 218 218 218 // 10
    256.000000 512.000000 0.000000 0.250000 0.250000 163 163 163 // 16
    0.000000 512.000000 0.000000 0.000000 0.250000 218 218 218 // 13
}

face 4 "//textures\unknown.png" 0 0 "" // 10
{
    256.000000 256.000000 0.000000 0.000000 0.000000 218 218 218 // 10
    512.000000 256.000000 0.000000 0.250000 0.000000 90 90 90 // 15
    512.000000 512.000000 0.000000 0.250000 0.250000 63 63 63 // 17
    256.000000 512.000000 0.000000 0.000000 0.250000 163 163 163 // 16
}

face 4 "//textures\unknown.png" 0 0 "" // 11
{
    -512.000000 256.000000 0.000000 0.000000 0.000000 90 90 90 // 11
    -256.000000 256.000000 0.000000 0.250000 0.000000 218 218 218 // 12
    -256.000000 512.000000 0.000000 0.250000 0.250000 163 163 163 // 18
    -512.000000 512.000000 0.000000 0.000000 0.250000 63 63 63 // 22
}

face 4 "//textures\unknown.png" 0 0 "" // 12
{
    -256.000000 512.000000 0.000000 0.000000 0.000000 163 163 163 // 18
    0.000000 512.000000 0.000000 0.250000 0.000000 218 218 218 // 13
    0.000000 768.000000 0.000000 0.250000 0.250000 90 90 90 // 19
    -256.000000 768.000000 0.000000 0.000000 0.250000 63 63 63 // 24
}

face 4 "//textures\unknown.png" 0 0 "" // 13
{
    0.000000 512.000000 0.000000 0.000000 0.000000 218 218 218 // 13
    256.000000 512.000000 0.000000 0.250000 0.000000 163 163 163 // 16
    256.000000 768.000000 0.000000 0.250000 0.250000 63 63 63 // 20
    0.000000 768.000000 0.000000 0.000000 0.250000 90 90 90 // 19
}

face 4 "//textures\unknown.png" 0 0 "" // 14
{
    256.000000 512.000000 0.000000 0.000000 0.000000 163 163 163 // 16
    512.000000 512.000000 0.000000 0.250000 0.000000 63 63 63 // 17
    512.000000 768.000000 0.000000 0.250000 0.250000 0 0 0 // 21
    256.000000 768.000000 0.000000 0.000000 0.250000 63 63 63 // 20
}

face 4 "//textures\unknown.png" 0 0 "" // 15
{
    -512.000000 512.000000 0.000000 0.000000 0.000000 63 63 63 // 22
    -256.000000 512.000000 0.000000 0.250000 0.000000 163 163 163 // 18
    -256.000000 768.000000 0.000000 0.250000 0.250000 63 63 63 // 24
    -512.000000 768.000000 0.000000 0.000000 0.250000 0 0 0 // 23
}

face 4 "//textures\unknown.png" 0 0 "" // 16
{
    -256.000000 -256.000000 512.000000 0.000000 0.000000 63 63 63 // 25
    -256.000000 0.000000 512.000000 0.250000 0.000000 163 163 163 // 26
    0.000000 0.000000 512.000000 0.250000 0.250000 218 218 218 // 28
    0.000000 -256.000000 512.000000 0.000000 0.250000 90 90 90 // 60
}

face 4 "//textures\unknown.png" 0 0 "" // 17
{
    0.000000 -256.000000 512.000000 0.000000 0.000000 90 90 90 // 60
    0.000000 0.000000 512.000000 0.250000 0.000000 218 218 218 // 28
    256.000000 0.000000 512.000000 0.250000 0.250000 163 163 163 // 29
    256.000000 -256.000000 512.000000 0.000000 0.250000 63 63 63 // 27
}

face 4 "//textures\unknown.png" 0 0 "" // 18
{
    256.000000 -256.000000 512.000000 0.000000 0.000000 63 63 63 // 27
    256.000000 0.000000 512.000000 0.250000 0.000000 163 163 163 // 29
    512.000000 0.000000 512.000000 0.250000 0.250000 63 63 63 // 30
    512.000000 -256.000000 512.000000 0.000000 0.250000 0 0 0 // 61
}

face 4 "//textures\unknown.png" 0 0 "" // 19
{
    -512.000000 -256.000000 512.000000 0.000000 0.000000 0 0 0 // 31
    -512.000000 0.000000 512.000000 0.250000 0.000000 63 63 63 // 35
    -256.000000 0.000000 512.000000 0.250000 0.250000 163 163 163 // 26
    -256.000000 -256.000000 512.000000 0.000000 0.250000 63 63 63 // 25
}

face 4 "//textures\unknown.png" 0 0 "" // 20
{
    -256.000000 0.000000 512.000000 0.000000 0.000000 163 163 163 // 26
    -256.000000 256.000000 512.000000 0.250000 0.000000 218 218 218 // 32
    0.000000 256.000000 512.000000 0.250000 0.250000 255 255 255 // 36
    0.000000 0.000000 512.000000 0.000000 0.250000 218 218 218 // 28
}

face 4 "//textures\unknown.png" 0 0 "" // 21
{
    0.000000 0.000000 512.000000 0.000000 0.000000 218 218 218 // 28
    0.000000 256.000000 512.000000 0.250000 0.000000 255 255 255 // 36
    256.000000 256.000000 512.000000 0.250000 0.250000 218 218 218 // 33
    256.000000 0.000000 512.000000 0.000000 0.250000 163 163 163 // 29
}

face 4 "//textures\unknown.png" 0 0 "" // 22
{
    256.000000 0.000000 512.000000 0.000000 0.000000 163 163 163 // 29
    256.000000 256.000000 512.000000 0.250000 0.000000 218 218 218 // 33
    512.000000 256.000000 512.000000 0.250000 0.250000 90 90 90 // 34
    512.000000 0.000000 512.000000 0.000000 0.250000 63 63 63 // 30
}

face 4 "//textures\unknown.png" 0 0 "" // 23
{
    -512.000000 0.000000 512.000000 0.000000 0.000000 63 63 63 // 35
    -512.000000 256.000000 512.000000 0.250000 0.000000 90 90 90 // 62
    -256.000000 256.000000 512.000000 0.250000 0.250000 218 218 218 // 32
    -256.000000 0.000000 512.000000 0.000000 0.250000 163 163 163 // 26
}

face 4 "//textures\unknown.png" 0 0 "" // 24
{
    -256.000000 256.000000 512.000000 0.000000 0.000000 218 218 218 // 32
    -256.000000 512.000000 512.000000 0.250000 0.000000 163 163 163 // 42
    0.000000 512.000000 512.000000 0.250000 0.250000 218 218 218 // 40
    0.000000 256.000000 512.000000 0.000000 0.250000 255 255 255 // 36
}

face 4 "//textures\unknown.png" 0 0 "" // 25
{
    0.000000 256.000000 512.000000 0.000000 0.000000 255 255 255 // 36
    0.000000 512.000000 512.000000 0.250000 0.000000 218 218 218 // 40
    256.000000 512.000000 512.000000 0.250000 0.250000 163 163 163 // 37
    256.000000 256.000000 512.000000 0.000000 0.250000 218 218 218 // 33
}

face 4 "//textures\unknown.png" 0 0 "" // 26
{
    256.000000 256.000000 512.000000 0.000000 0.000000 218 218 218 // 33
    256.000000 512.000000 512.000000 0.250000 0.000000 163 163 163 // 37
    512.000000 512.000000 512.000000 0.250000 0.250000 63 63 63 // 38
    512.000000 256.000000 512.000000 0.000000 0.250000 90 90 90 // 34
}

face 4 "//textures\unknown.png" 0 0 "" // 27
{
    -512.000000 256.000000 512.000000 0.000000 0.000000 90 90 90 // 62
    -512.000000 512.000000 512.000000 0.250000 0.000000 63 63 63 // 41
    -256.000000 512.000000 512.000000 0.250000 0.250000 163 163 163 // 42
    -256.000000 256.000000 512.000000 0.000000 0.250000 218 218 218 // 32
}

face 4 "//textures\unknown.png" 0 0 "" // 28
{
    -256.000000 512.000000 512.000000 0.000000 0.000000 163 163 163 // 42
    -256.000000 768.000000 512.000000 0.250000 0.000000 63 63 63 // 39
    0.000000 768.000000 512.000000 0.250000 0.250000 90 90 90 // 63
    0.000000 512.000000 512.000000 0.000000 0.250000 218 218 218 // 40
}

face 4 "//textures\unknown.png" 0 0 "" // 29
{
    0.000000 512.000000 512.000000 0.000000 0.000000 218 218 218 // 40
    0.000000 768.000000 512.000000 0.250000 0.000000 90 90 90 // 63
    256.000000 768.000000 512.000000 0.250000 0.250000 63 63 63 // 64
    256.000000 512.000000 512.000000 0.000000 0.250000 163 163 163 // 37
}

face 4 "//textures\unknown.png" 0 0 "" // 30
{
    256.000000 512.000000 512.000000 0.000000 0.000000 163 163 163 // 37
    256.000000 768.000000 512.000000 0.250000 0.000000 63 63 63 // 64
    512.000000 768.000000 512.000000 0.250000 0.250000 0 0 0 // 65
    512.000000 512.000000 512.000000 0.000000 0.250000 63 63 63 // 38
}

face 4 "//textures\unknown.png" 0 0 "" // 31
{
    -512.000000 512.000000 512.000000 0.000000 0.000000 63 63 63 // 41
    -512.000000 768.000000 512.000000 0.250000 0.000000 0 0 0 // 43
    -256.000000 768.000000 512.000000 0.250000 0.250000 63 63 63 // 39
    -256.000000 512.000000 512.000000 0.000000 0.250000 163 163 163 // 42
}

face 4 "//textures\unknown.png" 0 0 "" // 32
{
    256.000000 768.000000 0.000000 0.250000 0.000000 63 63 63 // 20
    512.000000 768.000000 0.000000 0.250000 0.250000 0 0 0 // 21
    512.000000 768.000000 256.000000 0.000000 0.250000 18 18 18 // 56
    256.000000 768.000000 256.000000 0.000000 0.000000 90 90 90 // 54
}

face 4 "//textures\unknown.png" 0 0 "" // 33
{
    -512.000000 512.000000 0.000000 0.250000 0.000000 63 63 63 // 22
    -512.000000 768.000000 0.000000 0.250000 0.250000 0 0 0 // 23
    -512.000000 768.000000 256.000000 0.000000 0.250000 18 18 18 // 58
    -512.000000 512.000000 256.000000 0.000000 0.000000 90 90 90 // 57
}

face 4 "//textures\unknown.png" 0 0 "" // 34
{
    0.000000 -256.000000 0.000000 0.250000 0.000000 90 90 90 // 0
    -256.000000 -256.000000 0.000000 0.250000 0.250000 63 63 63 // 6
    -256.000000 -256.000000 256.000000 0.000000 0.250000 90 90 90 // 44
    0.000000 -256.000000 256.000000 0.000000 0.000000 122 122 122 // 45
}

face 4 "//textures\unknown.png" 0 0 "" // 35
{
    512.000000 -256.000000 0.000000 0.250000 0.000000 0 0 0 // 3
    256.000000 -256.000000 0.000000 0.250000 0.250000 63 63 63 // 1
    256.000000 -256.000000 256.000000 0.000000 0.250000 90 90 90 // 46
    512.000000 -256.000000 256.000000 0.000000 0.000000 18 18 18 // 47
}

face 4 "//textures\unknown.png" 0 0 "" // 36
{
    512.000000 0.000000 0.000000 0.000000 0.250000 63 63 63 // 9
    512.000000 -256.000000 0.000000 0.000000 0.000000 0 0 0 // 3
    512.000000 -256.000000 256.000000 0.250000 0.000000 18 18 18 // 47
    512.000000 0.000000 256.000000 0.250000 0.250000 90 90 90 // 48
}

face 4 "//textures\unknown.png" 0 0 "" // 37
{
    0.000000 768.000000 0.000000 0.250000 0.000000 90 90 90 // 19
    256.000000 768.000000 0.000000 0.250000 0.250000 63 63 63 // 20
    256.000000 768.000000 256.000000 0.000000 0.250000 90 90 90 // 54
    0.000000 768.000000 256.000000 0.000000 0.000000 122 122 122 // 53
}

face 4 "//textures\unknown.png" 0 0 "" // 38
{
    -512.000000 768.000000 0.000000 0.250000 0.000000 0 0 0 // 23
    -256.000000 768.000000 0.000000 0.250000 0.250000 63 63 63 // 24
    -256.000000 768.000000 256.000000 0.000000 0.250000 90 90 90 // 59
    -512.000000 768.000000 256.000000 0.000000 0.000000 18 18 18 // 58
}

face 4 "//textures\unknown.png" 0 0 "" // 39
{
    512.000000 256.000000 0.000000 0.000000 0.250000 90 90 90 // 15
    512.000000 0.000000 0.000000 0.000000 0.000000 63 63 63 // 9
    512.000000 0.000000 256.000000 0.250000 0.000000 90 90 90 // 48
    512.000000 256.000000 256.000000 0.250000 0.250000 122 122 122 // 52
}

face 4 "//textures\unknown.png" 0 0 "" // 40
{
    -512.000000 -256.000000 0.000000 0.250000 0.000000 0 0 0 // 5
    -512.000000 0.000000 0.000000 0.250000 0.250000 63 63 63 // 7
    -512.000000 0.000000 256.000000 0.000000 0.250000 90 90 90 // 50
    -512.000000 -256.000000 256.000000 0.000000 0.000000 18 18 18 // 49
}

face 4 "//textures\unknown.png" 0 0 "" // 41
{
    512.000000 512.000000 0.000000 0.000000 0.250000 63 63 63 // 17
    512.000000 256.000000 0.000000 0.000000 0.000000 90 90 90 // 15
    512.000000 256.000000 256.000000 0.250000 0.000000 122 122 122 // 52
    512.000000 512.000000 256.000000 0.250000 0.250000 90 90 90 // 55
}

face 4 "//textures\unknown.png" 0 0 "" // 42
{
    256.000000 -256.000000 0.000000 0.250000 0.000000 63 63 63 // 1
    0.000000 -256.000000 0.000000 0.250000 0.250000 90 90 90 // 0
    0.000000 -256.000000 256.000000 0.000000 0.250000 122 122 122 // 45
    256.000000 -256.000000 256.000000 0.000000 0.000000 90 90 90 // 46
}

face 4 "//textures\unknown.png" 0 0 "" // 43
{
    -256.000000 -256.000000 0.000000 0.250000 0.000000 63 63 63 // 6
    -512.000000 -256.000000 0.000000 0.250000 0.250000 0 0 0 // 5
    -512.000000 -256.000000 256.000000 0.000000 0.250000 18 18 18 // 49
    -256.000000 -256.000000 256.000000 0.000000 0.000000 90 90 90 // 44
}

face 4 "//textures\unknown.png" 0 0 "" // 44
{
    -512.000000 0.000000 0.000000 0.250000 0.000000 63 63 63 // 7
    -512.000000 256.000000 0.000000 0.250000 0.250000 90 90 90 // 11
    -512.000000 256.000000 256.000000 0.000000 0.250000 122 122 122 // 51
    -512.000000 0.000000 256.000000 0.000000 0.000000 90 90 90 // 50
}

face 4 "//textures\unknown.png" 0 0 "" // 45
{
    512.000000 768.000000 0.000000 0.000000 0.250000 0 0 0 // 21
    512.000000 512.000000 0.000000 0.000000 0.000000 63 63 63 // 17
    512.000000 512.000000 256.000000 0.250000 0.000000 90 90 90 // 55
    512.000000 768.000000 256.000000 0.250000 0.250000 18 18 18 // 56
}

face 4 "//textures\unknown.png" 0 0 "" // 46
{
    -256.000000 768.000000 0.000000 0.250000 0.000000 63 63 63 // 24
    0.000000 768.000000 0.000000 0.250000 0.250000 90 90 90 // 19
    0.000000 768.000000 256.000000 0.000000 0.250000 122 122 122 // 53
    -256.000000 768.000000 256.000000 0.000000 0.000000 90 90 90 // 59
}

face 4 "//textures\unknown.png" 0 0 "" // 47
{
    -512.000000 256.000000 0.000000 0.250000 0.000000 90 90 90 // 11
    -512.000000 512.000000 0.000000 0.250000 0.250000 63 63 63 // 22
    -512.000000 512.000000 256.000000 0.000000 0.250000 90 90 90 // 57
    -512.000000 256.000000 256.000000 0.000000 0.000000 122 122 122 // 51
}

face 4 "//textures\unknown.png" 0 0 "" // 48
{
    -256.000000 -256.000000 256.000000 0.250000 0.000000 90 90 90 // 44
    -512.000000 -256.000000 256.000000 0.250000 0.250000 18 18 18 // 49
    -512.000000 -256.000000 512.000000 0.000000 0.250000 0 0 0 // 31
    -256.000000 -256.000000 512.000000 0.000000 0.000000 63 63 63 // 25
}

face 4 "//textures\unknown.png" 0 0 "" // 49
{
    256.000000 768.000000 256.000000 0.250000 0.000000 90 90 90 // 54
    512.000000 768.000000 256.000000 0.250000 0.250000 18 18 18 // 56
    512.000000 768.000000 512.000000 0.000000 0.250000 0 0 0 // 65
    256.000000 768.000000 512.000000 0.000000 0.000000 63 63 63 // 64
}

face 4 "//textures\unknown.png" 0 0 "" // 50
{
    512.000000 256.000000 256.000000 0.000000 0.250000 122 122 122 // 52
    512.000000 0.000000 256.000000 0.000000 0.000000 90 90 90 // 48
    512.000000 0.000000 512.000000 0.250000 0.000000 63 63 63 // 30
    512.000000 256.000000 512.000000 0.250000 0.250000 90 90 90 // 34
}

face 4 "//textures\unknown.png" 0 0 "" // 51
{
    -512.000000 512.000000 256.000000 0.250000 0.000000 90 90 90 // 57
    -512.000000 768.000000 256.000000 0.250000 0.250000 18 18 18 // 58
    -512.000000 768.000000 512.000000 0.000000 0.250000 0 0 0 // 43
    -512.000000 512.000000 512.000000 0.000000 0.000000 63 63 63 // 41
}

face 4 "//textures\unknown.png" 0 0 "" // 52
{
    -512.000000 0.000000 256.000000 0.250000 0.000000 90 90 90 // 50
    -512.000000 256.000000 256.000000 0.250000 0.250000 122 122 122 // 51
    -512.000000 256.000000 512.000000 0.000000 0.250000 90 90 90 // 62
    -512.000000 0.000000 512.000000 0.000000 0.000000 63 63 63 // 35
}

face 4 "//textures\unknown.png" 0 0 "" // 53
{
    0.000000 -256.000000 256.000000 0.250000 0.000000 122 122 122 // 45
    -256.000000 -256.000000 256.000000 0.250000 0.250000 90 90 90 // 44
    -256.000000 -256.000000 512.000000 0.000000 0.250000 63 63 63 // 25
    0.000000 -256.000000 512.000000 0.000000 0.000000 90 90 90 // 60
}

face 4 "//textures\unknown.png" 0 0 "" // 54
{
    -512.000000 768.000000 256.000000 0.250000 0.000000 18 18 18 // 58
    -256.000000 768.000000 256.000000 0.250000 0.250000 90 90 90 // 59
    -256.000000 768.000000 512.000000 0.000000 0.250000 63 63 63 // 39
    -512.000000 768.000000 512.000000 0.000000 0.000000 0 0 0 // 43
}

face 4 "//textures\unknown.png" 0 0 "" // 55
{
    512.000000 512.000000 256.000000 0.000000 0.250000 90 90 90 // 55
    512.000000 256.000000 256.000000 0.000000 0.000000 122 122 122 // 52
    512.000000 256.000000 512.000000 0.250000 0.000000 90 90 90 // 34
    512.000000 512.000000 512.000000 0.250000 0.250000 63 63 63 // 38
}

face 4 "//textures\unknown.png" 0 0 "" // 56
{
    256.000000 -256.000000 256.000000 0.250000 0.000000 90 90 90 // 46
    0.000000 -256.000000 256.000000 0.250000 0.250000 122 122 122 // 45
    0.000000 -256.000000 512.000000 0.000000 0.250000 90 90 90 // 60
    256.000000 -256.000000 512.000000 0.000000 0.000000 63 63 63 // 27
}

face 4 "//textures\unknown.png" 0 0 "" // 57
{
    -512.000000 256.000000 256.000000 0.250000 0.000000 122 122 122 // 51
    -512.000000 512.000000 256.000000 0.250000 0.250000 90 90 90 // 57
    -512.000000 512.000000 512.000000 0.000000 0.250000 63 63 63 // 41
    -512.000000 256.000000 512.000000 0.000000 0.000000 90 90 90 // 62
}

face 4 "//textures\unknown.png" 0 0 "" // 58
{
    512.000000 -256.000000 256.000000 0.250000 0.000000 18 18 18 // 47
    256.000000 -256.000000 256.000000 0.250000 0.250000 90 90 90 // 46
    256.000000 -256.000000 512.000000 0.000000 0.250000 63 63 63 // 27
    512.000000 -256.000000 512.000000 0.000000 0.000000 0 0 0 // 61
}

face 4 "//textures\unknown.png" 0 0 "" // 59
{
    -256.000000 768.000000 256.000000 0.250000 0.000000 90 90 90 // 59
    0.000000 768.000000 256.000000 0.250000 0.250000 122 122 122 // 53
    0.000000 768.000000 512.000000 0.000000 0.250000 90 90 90 // 63
    -256.000000 768.000000 512.000000 0.000000 0.000000 63 63 63 // 39
}

face 4 "//textures\unknown.png" 0 0 "" // 60
{
    512.000000 0.000000 256.000000 0.000000 0.250000 90 90 90 // 48
    512.000000 -256.000000 256.000000 0.000000 0.000000 18 18 18 // 47
    512.000000 -256.000000 512.000000 0.250000 0.000000 0 0 0 // 61
    512.000000 0.000000 512.000000 0.250000 0.250000 63 63 63 // 30
}

face 4 "//textures\unknown.png" 0 0 "" // 61
{
    0.000000 768.000000 256.000000 0.250000 0.000000 122 122 122 // 53
    256.000000 768.000000 256.000000 0.250000 0.250000 90 90 90 // 54
    256.000000 768.000000 512.000000 0.000000 0.250000 63 63 63 // 64
    0.000000 768.000000 512.000000 0.000000 0.000000 90 90 90 // 63
}

face 4 "//textures\unknown.png" 0 0 "" // 62
{
    -512.000000 -256.000000 256.000000 0.250000 0.000000 18 18 18 // 49
    -512.000000 0.000000 256.000000 0.250000 0.250000 90 90 90 // 50
    -512.000000 0.000000 512.000000 0.000000 0.250000 63 63 63 // 35
    -512.000000 -256.000000 512.000000 0.000000 0.000000 0 0 0 // 31
}

face 4 "//textures\unknown.png" 0 0 "" // 63
{
    512.000000 768.000000 256.000000 0.000000 0.250000 18 18 18 // 56
    512.000000 512.000000 256.000000 0.000000 0.000000 90 90 90 // 55
    512.000000 512.000000 512.000000 0.250000 0.000000 63 63 63 // 38
    512.000000 768.000000 512.000000 0.250000 0.250000 0 0 0 // 65
}

